9.0,51.0,9.0,0,9.0,111.0,9.0,54.5,263.5,54.5,0,1,6.5,166.5,6.5,1
12.0,51.0,11.0,0,10.0,111.0,11.0,56.5,263.5,56.5,0,1,10.5,166.5,8.5,1
10.0,51.0,10.0,0,13.0,111.0,11.0,56.5,263.5,58.5,0,1,9.5,166.5,9.5,1
3.5,63.5,3.5,0,2.0,104.0,2.0,47.5,270.5,47.5,0,1,9.0,151.0,9.0,1
7.5,63.5,7.5,0,5.0,104.0,3.0,51.5,270.5,52.5,0,1,14.0,151.0,13.0,1
8.5,63.5,5.5,0,3.0,104.0,5.0,49.5,270.5,50.5,0,1,13.0,151.0,11.0,1
8.0,52.0,8.0,0,8.0,110.0,8.0,38.0,280.0,38.0,0,1,5.5,154.5,5.5,1
11.0,52.0,12.0,0,13.0,110.0,13.0,42.0,280.0,42.0,0,1,7.5,154.5,8.5,1
10.0,52.0,9.0,0,11.0,110.0,10.0,41.0,280.0,41.0,0,1,10.5,154.5,7.5,1
5.0,60.0,5.0,0,25.0,126.0,28.0,42.0,279.0,44.0,0,1,6.5,165.5,6.5,1
3.0,60.0,4.0,0,28.0,126.0,26.0,42.0,279.0,43.0,0,1,10.5,165.5,10.5,1
10.5,49.5,10.5,0,18.0,120.0,18.0,49.0,269.0,49.0,0,1,4.0,156.0,4.0,1
12.5,49.5,11.5,0,23.0,120.0,23.0,51.0,269.0,51.0,0,1,5.0,156.0,7.0,1
13.5,49.5,14.5,0,23.0,120.0,21.0,50.0,269.0,53.0,0,1,7.0,156.0,6.0,1
2.5,57.5,2.5,0,15.0,117.0,15.0,12.0,330.0,12.0,0,1,3.0,163.0,3.0,1
3.5,57.5,6.5,0,17.0,117.0,18.0,14.0,330.0,17.0,0,1,5.0,163.0,4.0,1
6.5,57.5,7.5,0,19.0,117.0,17.0,14.0,330.0,14.0,0,1,4.0,163.0,6.0,1
2.0,50.0,2.0,1,14.0,138.0,14.0,21.5,276.5,21.5,1,1,1.5,176.5,1.5,1
4.0,50.0,3.0,1,19.0,138.0,16.0,25.5,276.5,24.5,1,1,3.5,176.5,4.5,1
3.0,50.0,3.0,1,18.0,138.0,16.0,23.5,276.5,22.5,1,1,5.5,176.5,6.5,1
5.0,52.0,3.0,1,24.0,130.0,24.0,35.5,265.5,33.5,1,1,16.5,162.5,19.5,1
4.0,52.0,4.0,1,25.0,130.0,24.0,35.5,265.5,35.5,1,1,19.5,162.5,18.5,1
5.0,47.0,5.0,1,16.0,136.0,16.0,29.0,269.0,29.0,1,1,8.0,186.0,8.0,1
7.0,47.0,6.0,1,20.0,136.0,18.0,31.0,269.0,30.0,1,1,11.0,186.0,10.0,1
9.0,47.0,6.0,1,17.0,136.0,21.0,33.0,269.0,34.0,1,1,9.0,186.0,12.0,1
12.5,54.5,12.5,0,6.5,108.5,6.5,149.5,414.5,149.5,0,0,19.0,141.0,19.0,1
16.5,54.5,16.5,0,9.5,108.5,10.5,153.5,414.5,153.5,0,0,22.0,141.0,21.0,1
13.5,54.5,14.5,0,8.5,108.5,10.5,150.5,414.5,153.5,0,0,22.0,141.0,23.0,1
8.0,50.0,8.0,0,1.0,101.0,1.0,8.5,256.5,8.5,0,0,0.0,122.0,0.0,1
12.0,50.0,11.0,0,4.0,101.0,5.0,9.5,256.5,12.5,0,0,1.0,122.0,5.0,1
9.0,50.0,9.0,0,4.0,101.0,4.0,12.5,256.5,13.5,0,0,5.0,122.0,2.0,1
10.0,52.0,10.0,0,19.0,121.0,19.0,64.5,329.5,64.5,0,0,17.5,139.5,17.5,1
15.0,52.0,14.0,0,20.0,121.0,24.0,67.5,329.5,65.5,0,0,19.5,139.5,18.5,1
13.0,55.0,13.0,0,9.0,111.0,9.0,27.0,238.0,27.0,0,0,3.5,118.5,3.5,1
14.0,55.0,14.0,0,11.0,111.0,12.0,29.0,238.0,28.0,0,0,4.5,118.5,8.5,1
14.0,55.0,17.0,0,10.0,111.0,12.0,32.0,238.0,31.0,0,0,6.5,118.5,8.5,1
1.5,43.5,1.5,0,18.0,120.0,18.0,14.5,250.5,14.5,0,0,15.0,137.0,15.0,1
4.5,43.5,2.5,0,19.0,120.0,23.0,15.5,250.5,17.5,0,0,16.0,137.0,19.0,1
5.5,43.5,6.5,0,20.0,120.0,22.0,18.5,250.5,17.5,0,0,20.0,137.0,19.0,1
4.0,46.0,4.0,0,4.0,106.0,4.0,5.5,259.5,5.5,0,0,18.5,140.5,18.5,1
8.0,46.0,7.0,0,9.0,106.0,7.0,6.5,259.5,6.5,0,0,19.5,140.5,23.5,1
8.0,46.0,7.0,0,6.0,106.0,9.0,10.5,259.5,10.5,0,0,20.5,140.5,23.5,1
0.5,41.5,0.5,0,5.0,107.0,5.0,1.5,266.5,1.5,0,0,25.0,147.0,25.0,1
5.5,41.5,1.5,0,9.0,107.0,6.0,5.5,266.5,4.5,0,0,30.0,147.0,30.0,1
3.5,41.5,2.5,0,9.0,107.0,7.0,5.5,266.5,5.5,0,0,29.0,147.0,29.0,1
6.0,48.0,6.0,0,3.0,105.0,3.0,1.0,266.0,1.0,0,0,22.5,144.5,22.5,1
7.0,48.0,7.0,0,6.0,105.0,6.0,3.0,266.0,3.0,0,0,23.5,144.5,26.5,1
11.0,48.0,11.0,0,5.0,105.0,6.0,6.0,266.0,5.0,0,0,27.5,144.5,27.5,1
5.0,47.0,5.0,0,17.0,119.0,17.0,34.5,230.5,34.5,0,0,23.5,145.5,23.5,1
10.0,47.0,10.0,0,20.0,119.0,20.0,37.5,230.5,35.5,0,0,27.5,145.5,24.5,1
10.0,47.0,6.0,0,22.0,119.0,19.0,38.5,230.5,39.5,0,0,24.5,145.5,27.5,1
16.0,58.0,16.0,0,9.0,111.0,9.0,2.0,267.0,2.0,0,0,0.5,121.5,0.5,1
18.0,58.0,21.0,0,10.0,111.0,10.0,3.0,267.0,5.0,0,0,1.5,121.5,4.5,1
17.0,58.0,20.0,0,13.0,111.0,13.0,6.0,267.0,4.0,0,0,2.5,121.5,1.5,1
4.5,46.5,4.5,0,9.0,111.0,9.0,15.0,280.0,15.0,0,0,17.5,139.5,17.5,1
5.5,46.5,6.5,0,11.0,111.0,10.0,16.0,280.0,20.0,0,0,21.5,139.5,21.5,1
5.5,46.5,6.5,0,14.0,111.0,11.0,18.0,280.0,19.0,0,0,20.5,139.5,22.5,1
12.0,54.0,12.0,0,22.0,124.0,22.0,6.5,271.5,6.5,0,0,15.0,137.0,15.0,1
17.0,54.0,14.0,0,24.0,124.0,24.0,7.5,271.5,9.5,0,0,19.0,137.0,18.0,1
17.0,54.0,14.0,0,25.0,124.0,26.0,11.5,271.5,11.5,0,0,17.0,137.0,17.0,1
4.5,62.5,4.5,0,7.5,107.5,7.5,158.0,406.0,158.0,0,0,19.0,141.0,19.0,1
8.5,62.5,7.5,0,9.5,107.5,12.5,163.0,406.0,159.0,0,0,23.0,141.0,20.0,1
6.5,62.5,6.5,0,11.5,107.5,8.5,163.0,406.0,159.0,0,0,21.0,141.0,23.0,1
2.5,64.5,2.5,0,12.5,127.5,12.5,85.0,479.0,85.0,0,0,1.5,158.5,1.5,1
6.5,64.5,6.5,0,13.5,127.5,14.5,90.0,479.0,86.0,0,0,4.5,158.5,6.5,1
6.5,64.5,3.5,0,16.5,127.5,15.5,90.0,479.0,87.0,0,0,6.5,158.5,2.5,1
0.5,67.5,0.5,0,2.5,117.5,2.5,176.5,387.5,176.5,0,0,22.5,137.5,22.5,1
1.5,67.5,1.5,0,6.5,117.5,4.5,180.5,387.5,180.5,0,0,24.5,137.5,24.5,1
3.5,67.5,3.5,0,3.5,117.5,6.5,179.5,387.5,181.5,0,0,23.5,137.5,23.5,1
11.0,56.0,11.0,0,11.5,126.5,11.5,164.0,400.0,164.0,0,0,4.0,156.0,4.0,1
8.5,58.5,8.5,0,2.5,112.5,2.5,155.0,409.0,155.0,0,0,0.5,159.5,0.5,1
10.5,58.5,10.5,0,5.5,112.5,7.5,157.0,409.0,157.0,0,0,4.5,159.5,1.5,1
12.5,58.5,11.5,0,7.5,112.5,6.5,157.0,409.0,158.0,0,0,5.5,159.5,1.5,1
13.0,54.0,13.0,0,1.5,113.5,1.5,148.0,416.0,148.0,0,0,6.0,166.0,6.0,1
14.0,54.0,17.0,0,5.5,113.5,4.5,152.0,416.0,150.0,0,0,9.0,166.0,7.0,1
18.0,54.0,17.0,0,4.5,113.5,2.5,153.0,416.0,153.0,0,0,9.0,166.0,10.0,1
6.5,60.5,6.5,0,3.5,111.5,3.5,148.5,415.5,148.5,0,0,3.5,163.5,3.5,1
8.5,60.5,9.5,0,7.5,111.5,4.5,151.5,415.5,150.5,0,0,5.5,163.5,5.5,1
10.5,60.5,10.5,0,6.5,111.5,4.5,150.5,415.5,150.5,0,0,4.5,163.5,6.5,1
3.5,70.5,3.5,0,2.5,117.5,2.5,147.5,416.5,147.5,0,0,19.5,140.5,19.5,1
8.5,70.5,4.5,0,7.5,117.5,6.5,151.5,416.5,150.5,0,0,21.5,140.5,20.5,1
5.5,70.5,5.5,0,4.5,117.5,7.5,152.5,416.5,151.5,0,0,24.5,140.5,24.5,1
8.0,59.0,8.0,0,2.5,117.5,2.5,134.5,429.5,134.5,0,0,1.5,158.5,1.5,1
10.0,59.0,9.0,0,5.5,117.5,3.5,139.5,429.5,136.5,0,0,2.5,158.5,3.5,1
13.0,59.0,11.0,0,6.5,117.5,6.5,139.5,429.5,135.5,0,0,3.5,158.5,2.5,1
0.5,66.5,0.5,0,15.5,130.5,15.5,143.0,421.0,143.0,0,0,4.0,156.0,4.0,1
2.5,66.5,4.5,0,16.5,130.5,20.5,145.0,421.0,146.0,0,0,5.0,156.0,9.0,1
8.0,60.0,8.0,1,10.0,128.0,10.0,27.0,250.0,27.0,0,1,9.0,160.0,9.0,1
13.0,60.0,9.0,1,11.0,128.0,11.0,28.0,250.0,29.0,0,1,10.0,160.0,12.0,1
12.5,55.5,12.5,1,6.0,124.0,6.0,19.0,296.0,19.0,0,1,5.5,156.5,5.5,1
16.5,55.5,16.5,1,7.0,124.0,11.0,20.0,296.0,20.0,0,1,10.5,156.5,8.5,1
15.5,55.5,13.5,1,7.0,124.0,10.0,21.0,296.0,22.0,0,1,6.5,156.5,7.5,1
6.5,61.5,6.5,1,6.0,124.0,6.0,7.5,269.5,7.5,0,1,2.0,153.0,2.0,1
9.5,61.5,8.5,1,8.0,124.0,7.0,10.5,269.5,12.5,0,1,4.0,153.0,6.0,1
10.5,61.5,8.5,1,9.0,124.0,10.0,8.5,269.5,12.5,0,1,4.0,153.0,3.0,1
10.5,57.5,10.5,1,3.0,115.0,3.0,36.5,240.5,36.5,0,1,4.0,147.0,4.0,1
14.5,57.5,11.5,1,4.0,115.0,4.0,41.5,240.5,38.5,0,1,8.0,147.0,6.0,1
13.0,55.0,13.0,1,1.0,119.0,1.0,9.0,286.0,9.0,0,1,5.5,156.5,5.5,1
14.0,55.0,16.0,1,4.0,119.0,4.0,12.0,286.0,11.0,0,1,8.5,156.5,6.5,1
15.0,55.0,16.0,1,4.0,119.0,5.0,10.0,286.0,13.0,0,1,8.5,156.5,9.5,1
13.5,54.5,13.5,1,4.0,114.0,4.0,21.0,256.0,21.0,0,1,1.0,152.0,1.0,1
15.5,54.5,16.5,1,6.0,114.0,5.0,24.0,256.0,25.0,0,1,6.0,152.0,5.0,1
2.0,66.0,2.0,1,5.0,123.0,5.0,7.0,270.0,7.0,0,1,23.0,128.0,23.0,1
7.0,66.0,3.0,1,6.0,123.0,10.0,8.0,270.0,10.0,0,1,25.0,128.0,28.0,1
6.0,66.0,5.0,1,7.0,123.0,9.0,12.0,270.0,9.0,0,1,27.0,128.0,24.0,1
12.0,56.0,12.0,1,1.0,119.0,1.0,25.5,251.5,25.5,0,1,9.0,160.0,9.0,1
14.0,56.0,15.0,1,2.0,119.0,5.0,26.5,251.5,29.5,0,1,13.0,160.0,13.0,1
15.0,56.0,17.0,1,6.0,119.0,6.0,26.5,251.5,26.5,0,1,12.0,160.0,14.0,1
13.0,55.0,13.0,1,6.0,124.0,6.0,48.5,228.5,48.5,0,1,0.5,150.5,0.5,1
16.0,55.0,18.0,1,11.0,124.0,10.0,49.5,228.5,51.5,0,1,5.5,150.5,1.5,1
14.0,55.0,17.0,1,11.0,124.0,9.0,49.5,228.5,49.5,0,1,1.5,150.5,3.5,1
10.5,57.5,10.5,1,6.0,124.0,6.0,12.0,265.0,12.0,0,1,14.0,165.0,14.0,1
13.5,57.5,15.5,1,7.0,124.0,8.0,17.0,265.0,14.0,0,1,15.0,165.0,16.0,1
12.5,57.5,11.5,1,9.0,124.0,9.0,15.0,265.0,17.0,0,1,17.0,165.0,19.0,1
16.5,51.5,16.5,1,2.0,120.0,2.0,42.5,234.5,42.5,0,1,11.5,162.5,11.5,1
20.5,51.5,21.5,1,5.0,120.0,5.0,44.5,234.5,46.5,0,1,15.5,162.5,14.5,1
19.5,51.5,21.5,1,4.0,120.0,6.0,46.5,234.5,45.5,0,1,14.5,162.5,12.5,1
13.5,54.5,13.5,1,1.0,119.0,1.0,60.0,217.0,60.0,0,1,15.5,166.5,15.5,1
1.0,47.0,1.0,1,11.5,112.5,11.5,29.0,226.0,29.0,1,1,9.5,165.5,9.5,1
2.0,47.0,3.0,1,12.5,112.5,14.5,30.0,226.0,30.0,1,1,10.5,165.5,11.5,1
4.0,47.0,4.0,1,13.5,112.5,12.5,31.0,226.0,31.0,1,1,14.5,165.5,14.5,1
3.0,49.0,3.0,1,3.5,104.5,3.5,18.0,215.0,18.0,1,1,4.5,151.5,4.5,1
7.0,49.0,4.0,1,8.5,104.5,6.5,21.0,215.0,19.0,1,1,8.5,151.5,9.5,1
4.0,49.0,8.0,1,7.5,104.5,7.5,21.0,215.0,19.0,1,1,8.5,151.5,9.5,1
2.0,44.0,2.0,1,9.5,110.5,9.5,21.5,218.5,21.5,1,1,19.0,175.0,19.0,1
4.0,44.0,7.0,1,11.5,110.5,10.5,24.5,218.5,22.5,1,1,21.0,175.0,24.0,1
7.0,44.0,3.0,1,13.5,110.5,12.5,25.5,218.5,22.5,1,1,24.0,175.0,22.0,1
4.5,49.5,4.5,0,1.0,111.0,1.0,27.0,187.0,27.0,0,1,10.0,148.0,10.0,1
5.5,49.5,5.5,0,4.0,111.0,4.0,29.0,187.0,29.0,0,1,12.0,148.0,12.0,1
7.5,49.5,9.5,0,3.0,111.0,4.0,28.0,187.0,29.0,0,1,15.0,148.0,13.0,1
4.5,58.5,4.5,0,15.0,125.0,15.0,9.5,204.5,9.5,0,1,10.5,168.5,10.5,1
5.5,58.5,5.5,0,18.0,125.0,17.0,11.5,204.5,13.5,0,1,13.5,168.5,14.5,1
8.5,58.5,9.5,0,16.0,125.0,16.0,12.5,204.5,12.5,0,1,11.5,168.5,12.5,1
2.0,52.0,2.0,0,5.0,115.0,5.0,15.0,229.0,15.0,0,1,2.0,160.0,2.0,1
7.0,52.0,5.0,0,10.0,115.0,9.0,17.0,229.0,16.0,0,1,7.0,160.0,4.0,1
6.0,52.0,6.0,0,8.0,115.0,6.0,18.0,229.0,16.0,0,1,5.0,160.0,5.0,1
5.0,59.0,5.0,0,15.0,125.0,15.0,49.5,263.5,49.5,0,1,12.5,145.5,12.5,1
9.0,59.0,6.0,0,17.0,125.0,17.0,54.5,263.5,53.5,0,1,16.5,145.5,14.5,1
8.5,45.5,8.5,0,5.0,115.0,5.0,0.5,214.5,0.5,0,1,6.0,164.0,6.0,1
10.5,45.5,11.5,0,10.0,115.0,10.0,1.5,214.5,4.5,0,1,9.0,164.0,10.0,1
11.5,45.5,9.5,0,9.0,115.0,7.0,5.5,214.5,4.5,0,1,11.0,164.0,9.0,1
4.0,50.0,4.0,0,2.5,107.5,2.5,5.0,209.0,5.0,0,1,7.0,165.0,7.0,1
5.0,50.0,7.0,0,4.5,107.5,6.5,10.0,209.0,10.0,0,1,12.0,165.0,10.0,1
8.0,50.0,5.0,0,5.5,107.5,5.5,6.0,209.0,8.0,0,1,8.0,165.0,9.0,1
5.0,59.0,5.0,0,10.0,120.0,10.0,44.5,258.5,44.5,0,1,18.0,140.0,18.0,1
9.0,59.0,7.0,0,13.0,120.0,13.0,45.5,258.5,47.5,0,1,23.0,140.0,19.0,1
10.0,44.0,10.0,0,4.0,114.0,4.0,2.0,212.0,2.0,0,1,17.0,175.0,17.0,1
12.0,44.0,15.0,0,5.0,114.0,5.0,4.0,212.0,7.0,0,1,19.0,175.0,19.0,1
14.0,44.0,15.0,0,6.0,114.0,8.0,4.0,212.0,4.0,0,1,19.0,175.0,20.0,1
6.5,60.5,6.5,0,21.0,131.0,21.0,31.5,245.5,31.5,0,1,7.0,165.0,7.0,1
10.5,60.5,9.5,0,25.0,131.0,22.0,33.5,245.5,35.5,0,1,10.0,165.0,8.0,1
8.5,60.5,8.5,0,25.0,131.0,26.0,34.5,245.5,33.5,0,1,8.0,165.0,10.0,1
2.0,54.0,4.0,0,30.0,135.0,29.0,10.5,207.5,7.5,0,1,4.5,160.5,4.5,1
3.0,54.0,4.0,0,27.0,135.0,30.0,9.5,207.5,10.5,0,1,7.5,160.5,7.5,1
2.5,51.5,2.5,0,12.0,122.0,12.0,28.5,242.5,28.5,0,1,2.0,160.0,2.0,1
5.5,51.5,4.5,0,17.0,122.0,17.0,33.5,242.5,30.5,0,1,3.0,160.0,5.0,1
5.5,51.5,7.5,0,17.0,122.0,15.0,31.5,242.5,31.5,0,1,6.0,160.0,4.0,1
6.5,47.5,6.5,0,8.0,118.0,8.0,46.0,260.0,46.0,0,1,2.5,160.5,2.5,1
7.5,47.5,11.5,0,10.0,118.0,10.0,47.0,260.0,50.0,0,1,3.5,160.5,6.5,1
7.5,47.5,8.5,0,11.0,118.0,13.0,47.0,260.0,50.0,0,1,5.5,160.5,5.5,1
2.5,51.5,2.5,0,10.0,120.0,10.0,27.5,241.5,27.5,0,1,2.5,160.5,2.5,1
6.5,51.5,5.5,0,15.0,120.0,13.0,30.5,241.5,32.5,0,1,3.5,160.5,4.5,1
5.5,51.5,7.5,0,12.0,120.0,13.0,28.5,241.5,32.5,0,1,4.5,160.5,4.5,1
6.0,48.0,6.0,0,5.0,115.0,5.0,2.5,211.5,2.5,0,1,7.5,165.5,7.5,1
11.0,48.0,10.0,0,9.0,115.0,6.0,4.5,211.5,4.5,0,1,12.5,165.5,12.5,1
10.0,48.0,10.0,0,7.0,115.0,9.0,6.5,211.5,7.5,0,1,10.5,165.5,11.5,1
6.5,60.5,6.5,0,2.0,108.0,2.0,4.5,218.5,4.5,0,1,8.0,150.0,8.0,1
9.5,60.5,8.5,0,7.0,108.0,7.0,5.5,218.5,5.5,0,1,13.0,150.0,11.0,1
7.5,60.5,8.5,0,3.0,108.0,7.0,5.5,218.5,8.5,0,1,13.0,150.0,10.0,1
5.0,49.0,5.0,0,4.0,114.0,4.0,14.0,228.0,14.0,0,1,4.5,153.5,4.5,1
10.0,49.0,6.0,0,5.0,114.0,6.0,16.0,228.0,19.0,0,1,8.5,153.5,9.5,1
10.0,49.0,9.0,0,9.0,114.0,8.0,18.0,228.0,19.0,0,1,5.5,153.5,6.5,1
3.0,57.0,3.0,0,20.0,130.0,20.0,13.0,227.0,13.0,0,1,6.5,164.5,6.5,1
4.0,57.0,8.0,0,24.0,130.0,23.0,17.0,227.0,17.0,0,1,7.5,164.5,8.5,1
6.0,57.0,5.0,0,21.0,130.0,24.0,16.0,227.0,15.0,0,1,8.5,164.5,7.5,1
7.5,46.5,7.5,0,14.0,124.0,14.0,3.0,217.0,3.0,0,1,3.0,155.0,3.0,1
8.5,46.5,8.5,0,19.0,124.0,18.0,6.0,217.0,4.0,0,1,6.0,155.0,4.0,1
10.5,46.5,8.5,0,15.0,124.0,17.0,8.0,217.0,4.0,0,1,6.0,155.0,7.0,1
0.5,54.5,0.5,0,11.0,121.0,11.0,64.0,278.0,64.0,0,1,4.0,162.0,4.0,1
3.5,54.5,3.5,0,16.0,121.0,13.0,65.0,278.0,68.0,0,1,8.0,162.0,7.0,1
1.5,54.5,2.5,0,14.0,121.0,13.0,65.0,278.0,65.0,0,1,9.0,162.0,6.0,1
2.0,60.0,2.0,0,20.0,120.0,20.0,73.0,321.0,73.0,0,0,17.5,139.5,17.5,1
5.0,60.0,3.0,0,22.0,120.0,24.0,74.0,321.0,78.0,0,0,19.5,139.5,19.5,1
5.0,63.0,5.0,0,10.0,110.0,10.0,18.5,229.5,18.5,0,0,3.5,118.5,3.5,1
10.0,63.0,8.0,0,13.0,110.0,13.0,21.5,229.5,23.5,0,0,8.5,118.5,4.5,1
6.0,63.0,8.0,0,15.0,110.0,14.0,20.5,229.5,22.5,0,0,8.5,118.5,6.5,1
6.5,51.5,6.5,0,19.0,119.0,19.0,6.0,242.0,6.0,0,0,15.0,137.0,15.0,1
9.5,51.5,10.5,0,23.0,119.0,24.0,7.0,242.0,11.0,0,0,20.0,137.0,19.0,1
8.5,51.5,8.5,0,20.0,119.0,24.0,7.0,242.0,9.0,0,0,16.0,137.0,20.0,1
4.0,54.0,4.0,0,5.0,105.0,5.0,3.0,251.0,3.0,0,0,18.5,140.5,18.5,1
5.0,54.0,7.0,0,9.0,105.0,10.0,4.0,251.0,5.0,0,0,19.5,140.5,19.5,1
9.0,54.0,8.0,0,10.0,105.0,6.0,5.0,251.0,4.0,0,0,19.5,140.5,20.5,1
8.5,49.5,8.5,0,6.0,106.0,6.0,10.0,258.0,10.0,0,0,25.0,147.0,25.0,1
13.5,49.5,13.5,0,9.0,106.0,7.0,15.0,258.0,11.0,0,0,30.0,147.0,28.0,1
11.5,49.5,10.5,0,7.0,106.0,10.0,11.0,258.0,13.0,0,0,30.0,147.0,29.0,1
2.0,56.0,2.0,0,4.0,104.0,4.0,9.5,257.5,9.5,0,0,22.5,144.5,22.5,1
7.0,56.0,7.0,0,9.0,104.0,5.0,13.5,257.5,13.5,0,0,27.5,144.5,26.5,1
3.0,56.0,3.0,0,5.0,104.0,6.0,11.5,257.5,10.5,0,0,24.5,144.5,26.5,1
3.0,55.0,3.0,0,18.0,118.0,18.0,26.0,222.0,26.0,0,0,23.5,145.5,23.5,1
7.0,55.0,6.0,0,23.0,118.0,19.0,27.0,222.0,29.0,0,0,25.5,145.5,28.5,1
7.0,55.0,7.0,0,21.0,118.0,22.0,27.0,222.0,29.0,0,0,25.5,145.5,27.5,1
8.0,66.0,8.0,0,10.0,110.0,10.0,10.5,258.5,10.5,0,0,0.5,121.5,0.5,1
13.0,66.0,9.0,0,13.0,110.0,14.0,15.5,258.5,15.5,0,0,4.5,121.5,4.5,1
13.0,66.0,9.0,0,12.0,110.0,15.0,15.5,258.5,13.5,0,0,2.5,121.5,2.5,1
3.5,54.5,3.5,0,10.0,110.0,10.0,23.5,271.5,23.5,0,0,17.5,139.5,17.5,1
5.5,54.5,7.5,0,13.0,110.0,15.0,26.5,271.5,27.5,0,0,22.5,139.5,21.5,1
6.5,54.5,8.5,0,11.0,110.0,15.0,24.5,271.5,25.5,0,0,21.5,139.5,21.5,1
4.0,62.0,4.0,0,23.0,123.0,23.0,15.0,263.0,15.0,0,0,15.0,137.0,15.0,1
9.0,62.0,7.0,0,24.0,123.0,24.0,19.0,263.0,17.0,0,0,19.0,137.0,16.0,1
6.0,62.0,6.0,0,26.0,123.0,26.0,20.0,263.0,20.0,0,0,20.0,137.0,19.0,1
2.0,50.0,2.0,1,8.0,116.0,8.0,11.0,244.0,11.0,1,1,14.0,161.0,14.0,1
6.0,50.0,7.0,1,10.0,116.0,13.0,14.0,244.0,15.0,1,1,19.0,161.0,18.0,1
5.0,50.0,3.0,1,13.0,116.0,12.0,13.0,244.0,12.0,1,1,15.0,161.0,15.0,1
3.0,45.0,3.0,1,2.0,122.0,2.0,7.5,247.5,7.5,1,1,9.5,184.5,9.5,1
5.0,45.0,8.0,1,7.0,122.0,7.0,12.5,247.5,8.5,1,1,10.5,184.5,10.5,1
6.0,45.0,5.0,1,3.0,122.0,6.0,11.5,247.5,9.5,1,1,10.5,184.5,11.5,1
4.5,47.5,4.5,1,4.0,134.0,4.0,46.0,269.0,46.0,0,1,3.5,165.5,3.5,1
4.5,47.5,4.5,1,14.0,124.0,14.0,6.0,217.0,6.0,0,1,4.0,165.0,4.0,1
7.5,47.5,8.5,1,17.0,124.0,16.0,8.0,217.0,9.0,0,1,8.0,165.0,7.0,1
8.5,47.5,9.5,1,16.0,124.0,18.0,7.0,217.0,11.0,0,1,5.0,165.0,6.0,1
1.5,53.5,1.5,1,4.0,134.0,4.0,19.5,242.5,19.5,0,1,7.0,162.0,7.0,1
2.5,49.5,2.5,1,13.0,125.0,13.0,9.5,213.5,9.5,0,1,13.0,156.0,13.0,1
4.5,49.5,4.5,1,18.0,125.0,16.0,11.5,213.5,10.5,0,1,14.0,156.0,15.0,1
6.5,49.5,7.5,1,18.0,125.0,15.0,12.5,213.5,14.5,0,1,15.0,156.0,14.0,1
5.0,47.0,5.0,1,9.0,129.0,9.0,36.0,259.0,36.0,0,1,3.5,165.5,3.5,1
6.0,47.0,10.0,1,10.0,129.0,13.0,40.0,259.0,38.0,0,1,8.5,165.5,8.5,1
4.0,48.0,4.0,1,9.0,129.0,9.0,1.5,224.5,1.5,0,1,0.0,169.0,0.0,1
8.0,48.0,9.0,1,13.0,129.0,14.0,5.5,224.5,5.5,0,1,2.0,169.0,1.0,1
5.0,48.0,5.0,1,11.0,129.0,11.0,6.5,224.5,2.5,0,1,4.0,169.0,1.0,1
5.0,47.0,5.0,1,4.0,134.0,4.0,21.5,201.5,21.5,0,1,9.5,159.5,9.5,1
6.0,47.0,7.0,1,7.0,134.0,6.0,25.5,201.5,24.5,0,1,11.5,159.5,11.5,1
9.0,47.0,8.0,1,8.0,134.0,8.0,22.5,201.5,22.5,0,1,13.5,159.5,13.5,1
2.5,49.5,2.5,1,4.0,134.0,4.0,15.0,238.0,15.0,0,1,5.0,174.0,5.0,1
7.5,49.5,7.5,1,9.0,134.0,5.0,18.0,238.0,17.0,0,1,6.0,174.0,10.0,1
3.5,49.5,5.5,1,7.0,134.0,6.0,16.0,238.0,17.0,0,1,8.0,174.0,9.0,1
8.5,43.5,8.5,1,8.0,130.0,8.0,15.5,207.5,15.5,0,1,2.5,171.5,2.5,1
13.5,43.5,9.5,1,10.0,130.0,9.0,17.5,207.5,16.5,0,1,7.5,171.5,5.5,1
11.5,43.5,11.5,1,9.0,130.0,13.0,16.5,207.5,20.5,0,1,6.5,171.5,5.5,1
5.5,46.5,5.5,1,9.0,129.0,9.0,33.0,190.0,33.0,0,1,6.5,175.5,6.5,1
8.5,46.5,7.5,1,10.0,129.0,13.0,36.0,190.0,36.0,0,1,7.5,175.5,11.5,1
7.5,46.5,10.5,1,14.0,129.0,10.0,35.0,190.0,35.0,0,1,9.5,175.5,11.5,1
7.0,45.0,7.0,1,0.0,138.0,0.0,24.0,199.0,24.0,0,1,2.0,171.0,2.0,1
10.0,45.0,11.0,1,2.0,138.0,3.0,25.0,199.0,25.0,0,1,6.0,171.0,4.0,1
8.0,45.0,12.0,1,3.0,138.0,1.0,26.0,199.0,27.0,0,1,7.0,171.0,7.0,1
7.0,45.0,7.0,1,0.0,138.0,0.0,24.0,199.0,24.0,0,1,2.0,171.0,2.0,1
10.0,45.0,9.0,1,1.0,138.0,3.0,26.0,199.0,27.0,0,1,7.0,171.0,4.0,1
8.0,45.0,8.0,1,5.0,138.0,3.0,26.0,199.0,25.0,0,1,3.0,171.0,7.0,1
9.0,54.0,9.0,0,14.0,126.0,14.0,17.5,177.5,17.5,0,1,20.5,158.5,20.5,1
12.0,54.0,12.0,0,16.0,126.0,16.0,20.5,177.5,18.5,0,1,25.5,158.5,21.5,1
2.5,47.5,2.5,0,4.0,116.0,4.0,42.0,202.0,42.0,0,1,12.0,150.0,12.0,1
3.5,47.5,3.5,0,8.0,116.0,7.0,43.0,202.0,45.0,0,1,14.0,150.0,16.0,1
4.5,47.5,6.5,0,6.0,116.0,5.0,45.0,202.0,45.0,0,1,17.0,150.0,16.0,1
4.0,41.0,4.0,0,4.0,116.0,4.0,27.5,187.5,27.5,0,1,16.0,154.0,16.0,1
8.0,41.0,5.0,0,8.0,116.0,6.0,32.5,187.5,28.5,0,1,21.0,154.0,17.0,1
8.0,41.0,5.0,0,7.0,116.0,8.0,31.5,187.5,32.5,0,1,17.0,154.0,20.0,1
0.5,45.5,0.5,0,3.5,108.5,3.5,22.0,182.0,22.0,0,1,17.0,155.0,17.0,1
2.5,45.5,2.5,0,8.5,108.5,7.5,25.0,182.0,23.0,0,1,18.0,155.0,20.0,1
4.5,45.5,5.5,0,6.5,108.5,8.5,24.0,182.0,27.0,0,1,19.0,155.0,21.0,1
5.5,39.5,5.5,0,3.0,115.0,3.0,25.0,185.0,25.0,0,1,27.0,165.0,27.0,1
6.5,39.5,8.5,0,5.0,115.0,8.0,26.0,185.0,29.0,0,1,30.0,165.0,28.0,1
8.5,39.5,6.5,0,7.0,115.0,7.0,28.0,185.0,26.0,0,1,31.0,165.0,29.0,1
4.5,49.5,4.5,0,24.0,136.0,24.0,20.5,180.5,20.5,0,1,12.5,150.5,12.5,1
7.5,49.5,8.5,0,27.0,136.0,26.0,22.5,180.5,25.5,0,1,16.5,150.5,14.5,1
6.5,49.5,6.5,0,28.0,136.0,25.0,21.5,180.5,23.5,0,1,15.5,150.5,15.5,1
2.0,47.0,2.0,0,11.0,123.0,11.0,55.5,215.5,55.5,0,1,12.0,150.0,12.0,1
3.0,47.0,4.0,0,13.0,123.0,12.0,58.5,215.5,59.5,0,1,14.0,150.0,16.0,1
4.0,47.0,3.0,0,16.0,123.0,12.0,56.5,215.5,57.5,0,1,14.0,150.0,17.0,1
2.0,43.0,2.0,0,7.0,119.0,7.0,73.0,233.0,73.0,0,1,12.5,150.5,12.5,1
4.0,43.0,5.0,0,8.0,119.0,8.0,74.0,233.0,75.0,0,1,14.5,150.5,15.5,1
3.0,43.0,7.0,0,8.0,119.0,11.0,75.0,233.0,76.0,0,1,16.5,150.5,16.5,1
2.0,47.0,2.0,0,9.0,121.0,9.0,54.5,214.5,54.5,0,1,12.5,150.5,12.5,1
3.0,47.0,5.0,0,10.0,121.0,10.0,57.5,214.5,59.5,0,1,16.5,150.5,13.5,1
6.0,47.0,6.0,0,13.0,121.0,11.0,57.5,214.5,55.5,0,1,13.5,150.5,13.5,1
1.5,43.5,1.5,0,4.0,116.0,4.0,24.5,184.5,24.5,0,1,17.5,155.5,17.5,1
2.5,43.5,3.5,0,7.0,116.0,5.0,25.5,184.5,29.5,0,1,19.5,155.5,18.5,1
5.5,43.5,6.5,0,5.0,116.0,5.0,27.5,184.5,28.5,0,1,22.5,155.5,19.5,1
11.0,56.0,11.0,0,3.0,109.0,3.0,31.5,191.5,31.5,0,1,2.0,140.0,2.0,1
14.0,56.0,16.0,0,7.0,109.0,7.0,32.5,191.5,32.5,0,1,7.0,140.0,5.0,1
12.0,56.0,16.0,0,7.0,109.0,5.0,34.5,191.5,33.5,0,1,5.0,140.0,7.0,1
0.5,44.5,0.5,0,3.0,115.0,3.0,41.0,201.0,41.0,0,1,5.5,143.5,5.5,1
1.5,44.5,5.5,0,6.0,115.0,6.0,42.0,201.0,43.0,0,1,10.5,143.5,6.5,1
1.5,44.5,2.5,0,4.0,115.0,8.0,43.0,201.0,45.0,0,1,7.5,143.5,7.5,1
7.5,52.5,7.5,0,19.0,131.0,19.0,40.0,200.0,40.0,0,1,16.5,154.5,16.5,1
3.0,42.0,3.0,0,13.0,125.0,13.0,30.0,190.0,30.0,0,1,7.0,145.0,7.0,1
5.0,42.0,4.0,0,14.0,125.0,15.0,32.0,190.0,35.0,0,1,10.0,145.0,10.0,1
7.0,42.0,6.0,0,15.0,125.0,16.0,35.0,190.0,35.0,0,1,9.0,145.0,10.0,1
5.5,47.5,5.5,1,3.0,145.0,3.0,9.0,235.0,9.0,0,0,33.5,144.5,33.5,1
6.5,47.5,8.5,1,4.0,145.0,4.0,11.0,235.0,11.0,0,0,38.5,144.5,38.5,1
6.0,47.0,6.0,1,6.0,136.0,6.0,6.0,220.0,6.0,0,0,28.5,139.5,28.5,1
8.0,47.0,10.0,1,7.0,136.0,7.0,10.0,220.0,9.0,0,0,32.5,139.5,29.5,1
10.0,47.0,8.0,1,9.0,136.0,8.0,11.0,220.0,8.0,0,0,33.5,139.5,32.5,1
1.5,54.5,1.5,1,11.0,131.0,11.0,16.5,209.5,16.5,0,0,25.5,136.5,25.5,1
3.0,56.0,3.0,1,2.0,140.0,2.0,22.5,248.5,22.5,0,0,35.5,146.5,35.5,1
4.0,56.0,4.0,1,3.0,140.0,7.0,25.5,248.5,26.5,0,0,37.5,146.5,40.5,1
6.0,56.0,8.0,1,3.0,140.0,3.0,26.5,248.5,23.5,0,0,40.5,146.5,38.5,1
8.5,61.5,8.5,1,7.0,149.0,7.0,9.5,235.5,9.5,0,0,16.0,127.0,16.0,1
12.5,61.5,10.5,1,10.0,149.0,10.0,10.5,235.5,13.5,0,0,17.0,127.0,17.0,1
6.5,59.5,6.5,1,9.0,151.0,9.0,1.0,227.0,1.0,0,0,13.5,124.5,13.5,1
8.5,59.5,11.5,1,10.0,151.0,10.0,5.0,227.0,3.0,0,0,16.5,124.5,15.5,1
8.5,59.5,7.5,1,13.0,151.0,11.0,4.0,227.0,4.0,0,0,16.5,124.5,17.5,1
5.5,58.5,5.5,1,14.0,156.0,14.0,0.5,226.5,0.5,0,0,22.0,133.0,22.0,1
10.5,58.5,6.5,1,16.0,156.0,17.0,4.5,226.5,3.5,0,0,23.0,133.0,26.0,1
8.5,58.5,9.5,1,17.0,156.0,18.0,3.5,226.5,2.5,0,0,26.0,133.0,24.0,1
1.5,54.5,1.5,1,6.0,136.0,6.0,2.5,223.5,2.5,0,0,26.0,137.0,26.0,1
4.5,54.5,6.5,1,10.0,136.0,7.0,6.5,223.5,5.5,0,0,29.0,137.0,27.0,1
2.5,54.5,5.5,1,9.0,136.0,7.0,7.5,223.5,4.5,0,0,29.0,137.0,29.0,1
3.0,65.0,3.0,0,10.0,130.0,10.0,91.5,302.5,91.5,0,0,21.0,136.0,21.0,1
8.5,53.5,8.5,0,1.0,139.0,1.0,79.0,315.0,79.0,0,0,2.5,154.5,2.5,1
13.5,53.5,10.5,0,3.0,139.0,4.0,83.0,315.0,84.0,0,0,4.5,154.5,5.5,1
6.0,56.0,6.0,0,15.0,125.0,15.0,70.0,324.0,70.0,0,0,1.0,158.0,1.0,1
6.0,68.0,6.0,0,10.0,130.0,10.0,62.5,331.5,62.5,0,0,18.0,139.0,18.0,1
5.5,56.5,5.5,0,10.0,130.0,10.0,49.5,344.5,49.5,0,0,0.0,157.0,0.0,1
6.5,56.5,9.5,0,14.0,130.0,12.0,52.5,344.5,53.5,0,0,1.0,157.0,3.0,1
9.5,56.5,6.5,0,11.0,130.0,15.0,54.5,344.5,50.5,0,0,4.0,157.0,5.0,1
2.0,64.0,2.0,0,3.0,143.0,3.0,58.0,336.0,58.0,0,0,2.5,154.5,2.5,1
3.0,64.0,5.0,0,5.0,143.0,4.0,61.0,336.0,63.0,0,0,4.5,154.5,4.5,1
4.0,64.0,4.0,0,6.0,143.0,8.0,63.0,336.0,59.0,0,0,7.5,154.5,5.5,1
5.0,47.0,5.0,1,6.0,114.0,6.0,3.5,236.5,3.5,1,1,23.5,170.5,23.5,1
8.0,47.0,6.0,1,10.0,114.0,11.0,5.5,236.5,5.5,1,1,25.5,170.5,26.5,1
8.0,47.0,8.0,1,8.0,114.0,10.0,7.5,236.5,5.5,1,1,26.5,170.5,28.5,1
5.0,43.0,2.0,1,13.0,120.0,15.0,54.0,263.0,54.0,0,1,5.5,161.5,2.5,1
5.0,43.0,5.0,1,11.0,120.0,14.0,55.0,263.0,54.0,0,1,3.5,161.5,2.5,1
6.0,49.0,6.0,1,0.0,130.0,0.0,26.5,288.5,26.5,0,1,3.5,158.5,3.5,1
10.0,49.0,7.0,1,5.0,130.0,2.0,28.5,288.5,30.5,0,1,8.5,158.5,6.5,1
9.0,49.0,11.0,1,2.0,130.0,5.0,29.5,288.5,31.5,0,1,7.5,158.5,7.5,1
2.0,45.0,2.0,1,9.0,121.0,9.0,55.5,259.5,55.5,0,1,9.5,152.5,9.5,1
6.0,45.0,6.0,1,11.0,121.0,11.0,56.5,259.5,60.5,0,1,11.5,152.5,10.5,1
0.5,42.5,0.5,1,5.0,125.0,5.0,10.0,305.0,10.0,0,1,0.0,162.0,0.0,1
4.5,42.5,5.5,1,7.0,125.0,8.0,15.0,305.0,13.0,0,1,2.0,162.0,3.0,1
2.5,42.5,1.5,1,10.0,125.0,10.0,13.0,305.0,14.0,0,1,1.0,162.0,3.0,1
1.0,42.0,1.0,1,10.0,120.0,10.0,40.0,275.0,40.0,0,1,4.5,157.5,4.5,1
4.0,42.0,5.0,1,12.0,120.0,12.0,43.0,275.0,43.0,0,1,9.5,157.5,7.5,1
10.5,53.5,10.5,1,1.0,129.0,1.0,26.0,289.0,26.0,0,1,28.5,133.5,28.5,1
13.5,53.5,15.5,1,4.0,129.0,2.0,31.0,289.0,29.0,0,1,32.5,133.5,30.5,1
13.5,53.5,12.5,1,6.0,129.0,3.0,31.0,289.0,31.0,0,1,30.5,133.5,31.5,1
0.5,43.5,0.5,1,5.0,125.0,5.0,44.5,270.5,44.5,0,1,3.5,165.5,3.5,1
3.5,43.5,2.5,1,10.0,125.0,10.0,47.5,270.5,47.5,0,1,5.5,165.5,7.5,1
2.5,43.5,2.5,1,6.0,125.0,6.0,46.5,270.5,45.5,0,1,5.5,165.5,5.5,1
0.5,42.5,0.5,1,0.0,130.0,0.0,67.5,247.5,67.5,0,1,6.0,156.0,6.0,1
1.5,42.5,5.5,1,5.0,130.0,2.0,72.5,247.5,71.5,0,1,11.0,156.0,11.0,1
1.5,42.5,4.5,1,2.0,130.0,4.0,72.5,247.5,68.5,0,1,10.0,156.0,7.0,1
2.0,45.0,2.0,1,0.0,130.0,0.0,31.0,284.0,31.0,0,1,8.5,170.5,8.5,1
6.0,45.0,6.0,1,3.0,130.0,1.0,34.0,284.0,36.0,0,1,13.5,170.5,11.5,1
4.0,45.0,3.0,1,1.0,130.0,4.0,36.0,284.0,36.0,0,1,12.5,170.5,12.5,1
4.0,39.0,4.0,1,4.0,126.0,4.0,61.5,253.5,61.5,0,1,6.0,168.0,6.0,1
8.0,39.0,5.0,1,5.0,126.0,9.0,65.5,253.5,63.5,0,1,11.0,168.0,11.0,1
9.0,39.0,5.0,1,6.0,126.0,6.0,63.5,253.5,66.5,0,1,11.0,168.0,11.0,1
1.0,42.0,1.0,1,5.0,125.0,5.0,79.0,236.0,79.0,0,1,10.0,172.0,10.0,1
5.0,42.0,2.0,1,10.0,125.0,10.0,81.0,236.0,80.0,0,1,12.0,172.0,15.0,1
2.5,40.5,2.5,1,4.0,134.0,4.0,70.0,245.0,70.0,0,1,5.5,167.5,5.5,1
6.5,40.5,4.5,1,9.0,134.0,6.0,75.0,245.0,73.0,0,1,8.5,167.5,10.5,1
7.5,40.5,5.5,1,9.0,134.0,5.0,71.0,245.0,71.0,0,1,8.5,167.5,6.5,1
2.5,40.5,2.5,1,4.0,134.0,4.0,70.0,245.0,70.0,0,1,5.5,167.5,5.5,1
3.5,40.5,5.5,1,6.0,134.0,9.0,73.0,245.0,74.0,0,1,9.5,167.5,6.5,1
7.5,40.5,4.5,1,7.0,134.0,9.0,74.0,245.0,75.0,0,1,10.5,167.5,8.5,1
8.5,50.5,8.5,1,15.0,163.0,15.0,13.0,257.0,13.0,0,0,16.5,161.5,16.5,1
11.5,50.5,10.5,1,16.0,163.0,19.0,14.0,257.0,18.0,0,0,21.5,161.5,18.5,1
11.5,50.5,9.5,1,17.0,163.0,20.0,17.0,257.0,15.0,0,0,19.5,161.5,21.5,1
0.5,41.5,0.5,1,9.0,139.0,9.0,15.0,229.0,15.0,0,0,5.0,173.0,5.0,1
5.5,41.5,5.5,1,14.0,139.0,12.0,18.0,229.0,17.0,0,0,6.0,173.0,6.0,1
2.5,41.5,3.5,1,10.0,139.0,10.0,20.0,229.0,18.0,0,0,10.0,173.0,7.0,1
7.0,49.0,7.0,1,14.0,134.0,14.0,25.5,218.5,25.5,0,0,8.0,170.0,8.0,1
8.0,49.0,10.0,1,16.0,134.0,19.0,26.5,218.5,30.5,0,0,13.0,170.0,10.0,1
8.5,50.5,8.5,1,5.0,143.0,5.0,13.5,257.5,13.5,0,0,2.0,180.0,2.0,1
9.5,50.5,13.5,1,6.0,143.0,6.0,14.5,257.5,14.5,0,0,3.0,180.0,4.0,1
11.5,50.5,12.5,1,9.0,143.0,6.0,18.5,257.5,18.5,0,0,6.0,180.0,7.0,1
14.0,56.0,14.0,1,4.0,152.0,4.0,0.5,244.5,0.5,0,0,17.5,160.5,17.5,1
15.0,56.0,18.0,1,8.0,152.0,9.0,4.5,244.5,4.5,0,0,19.5,160.5,19.5,1
17.0,56.0,15.0,1,5.0,152.0,9.0,2.5,244.5,1.5,0,0,20.5,160.5,21.5,1
7.0,49.0,7.0,1,9.0,139.0,9.0,11.5,232.5,11.5,0,0,7.5,170.5,7.5,1
8.0,49.0,9.0,1,10.0,139.0,14.0,13.5,232.5,16.5,0,0,9.5,170.5,9.5,1
8.0,49.0,10.0,1,13.0,139.0,11.0,14.5,232.5,14.5,0,0,11.5,170.5,10.5,1
1.5,57.5,1.5,1,29.0,149.0,29.0,38.5,231.5,38.5,0,0,8.5,153.5,8.5,1
5.0,59.0,1.0,1,22.0,158.0,24.0,5.5,270.5,4.5,0,0,19.5,163.5,19.5,1
5.0,59.0,2.0,1,25.0,158.0,23.0,2.5,270.5,5.5,0,0,22.5,163.5,20.5,1
5.5,64.5,5.5,1,11.0,167.0,11.0,12.5,257.5,12.5,0,0,1.0,144.0,1.0,1
7.5,64.5,9.5,1,13.0,167.0,12.0,13.5,257.5,16.5,0,0,6.0,144.0,4.0,1
9.5,64.5,7.5,1,14.0,167.0,12.0,15.5,257.5,16.5,0,0,4.0,144.0,4.0,1
3.5,62.5,3.5,1,9.0,169.0,9.0,21.0,249.0,21.0,0,0,3.5,141.5,3.5,1
5.5,62.5,4.5,1,10.0,169.0,11.0,23.0,249.0,24.0,0,0,8.5,141.5,6.5,1
4.5,62.5,8.5,1,10.0,169.0,10.0,22.0,249.0,25.0,0,0,8.5,141.5,7.5,1
2.5,61.5,2.5,1,4.0,174.0,4.0,21.5,248.5,21.5,0,0,5.0,150.0,5.0,1
7.5,61.5,5.5,1,7.0,174.0,8.0,22.5,248.5,22.5,0,0,7.0,150.0,10.0,1
3.5,61.5,3.5,1,5.0,174.0,5.0,24.5,248.5,23.5,0,0,6.0,150.0,6.0,1
1.5,57.5,1.5,1,24.0,154.0,24.0,24.5,245.5,24.5,0,0,9.0,154.0,9.0,1
6.5,56.5,6.5,0,10.0,130.0,10.0,24.5,219.5,24.5,0,1,8.5,170.5,8.5,1
10.5,56.5,9.5,0,15.0,130.0,12.0,28.5,219.5,27.5,0,1,13.5,170.5,11.5,1
9.5,56.5,7.5,0,14.0,130.0,15.0,25.5,219.5,28.5,0,1,12.5,170.5,12.5,1
0.5,63.5,0.5,0,20.0,160.0,20.0,65.0,260.0,65.0,0,1,12.5,166.5,12.5,1
0.5,63.5,0.5,0,0.0,140.0,0.0,59.0,254.0,59.0,0,1,23.0,156.0,23.0,1
2.5,63.5,3.5,0,3.0,140.0,5.0,64.0,254.0,60.0,0,1,26.0,156.0,27.0,1
1.5,63.5,2.5,0,4.0,140.0,3.0,63.0,254.0,63.0,0,1,27.0,156.0,28.0,1
13.0,50.0,13.0,0,10.0,130.0,10.0,10.0,205.0,10.0,0,1,4.5,174.5,4.5,1
16.0,50.0,18.0,0,14.0,130.0,14.0,13.0,205.0,11.0,0,1,9.5,174.5,7.5,1
17.0,50.0,16.0,0,11.0,130.0,15.0,14.0,205.0,11.0,0,1,9.5,174.5,8.5,1
8.5,54.5,8.5,0,17.5,122.5,17.5,4.5,199.5,4.5,0,1,3.5,175.5,3.5,1
13.5,54.5,9.5,0,22.5,122.5,22.5,5.5,199.5,7.5,0,1,5.5,175.5,5.5,1
11.5,54.5,9.5,0,22.5,122.5,22.5,9.5,199.5,8.5,0,1,8.5,175.5,5.5,1
0.5,63.5,0.5,0,5.0,135.0,5.0,54.0,249.0,54.0,0,1,28.5,150.5,28.5,1
4.5,63.5,2.5,0,8.0,135.0,7.0,58.0,249.0,55.0,0,1,33.5,150.5,32.5,1
3.5,63.5,1.5,0,9.0,135.0,6.0,57.0,249.0,58.0,0,1,31.5,150.5,32.5,1
14.5,48.5,14.5,0,11.0,129.0,11.0,7.5,202.5,7.5,0,1,6.5,185.5,6.5,1
16.5,48.5,16.5,0,12.0,129.0,16.0,10.5,202.5,8.5,0,1,7.5,185.5,7.5,1
18.5,48.5,19.5,0,14.0,129.0,13.0,8.5,202.5,12.5,0,1,7.5,185.5,7.5,1
2.0,65.0,2.0,0,6.0,146.0,6.0,41.0,236.0,41.0,0,1,3.5,175.5,3.5,1
4.0,65.0,3.0,0,10.0,146.0,8.0,43.0,236.0,42.0,0,1,5.5,175.5,8.5,1
6.0,65.0,6.0,0,9.0,146.0,9.0,46.0,236.0,43.0,0,1,5.5,175.5,8.5,1
4.5,58.5,4.5,0,10.0,150.0,10.0,3.0,198.0,3.0,0,1,8.0,171.0,8.0,1
9.5,58.5,5.5,0,15.0,150.0,12.0,7.0,198.0,7.0,0,1,13.0,171.0,10.0,1
6.5,58.5,8.5,0,12.0,150.0,15.0,4.0,198.0,7.0,0,1,10.0,171.0,11.0,1
7.0,56.0,7.0,0,3.0,137.0,3.0,38.0,233.0,38.0,0,1,8.5,170.5,8.5,1
8.0,56.0,11.0,0,7.0,137.0,6.0,41.0,233.0,43.0,0,1,9.5,170.5,12.5,1
9.0,56.0,8.0,0,5.0,137.0,5.0,39.0,233.0,41.0,0,1,9.5,170.5,12.5,1
11.0,52.0,11.0,0,7.0,133.0,7.0,55.5,250.5,55.5,0,1,8.0,171.0,8.0,1
16.0,52.0,12.0,0,10.0,133.0,8.0,56.5,250.5,56.5,0,1,9.0,171.0,9.0,1
15.0,52.0,14.0,0,11.0,133.0,12.0,59.5,250.5,59.5,0,1,13.0,171.0,13.0,1
7.0,56.0,7.0,0,5.0,135.0,5.0,37.0,232.0,37.0,0,1,8.0,171.0,8.0,1
8.0,56.0,10.0,0,9.0,135.0,7.0,42.0,232.0,40.0,0,1,9.0,171.0,9.0,1
8.0,56.0,11.0,0,9.0,135.0,7.0,39.0,232.0,41.0,0,1,10.0,171.0,13.0,1
10.5,52.5,10.5,0,10.0,130.0,10.0,7.0,202.0,7.0,0,1,3.0,176.0,3.0,1
14.5,52.5,11.5,0,14.0,130.0,11.0,10.0,202.0,8.0,0,1,8.0,176.0,5.0,1
11.5,52.5,15.5,0,12.0,130.0,12.0,11.0,202.0,10.0,0,1,6.0,176.0,8.0,1
2.0,65.0,2.0,0,17.0,123.0,17.0,14.0,209.0,14.0,0,1,18.5,160.5,18.5,1
5.0,65.0,3.0,0,19.0,123.0,18.0,19.0,209.0,18.0,0,1,20.5,160.5,21.5,1
6.0,65.0,7.0,0,20.0,123.0,20.0,18.0,209.0,19.0,0,1,22.5,160.5,19.5,1
6.5,69.5,6.5,0,0.0,140.0,0.0,1.0,196.0,1.0,0,1,31.5,147.5,31.5,1
10.5,69.5,10.5,0,1.0,140.0,4.0,3.0,196.0,3.0,0,1,35.5,147.5,35.5,1
9.5,69.5,11.5,0,1.0,140.0,4.0,4.0,196.0,2.0,0,1,33.5,147.5,35.5,1
9.5,53.5,9.5,0,11.0,129.0,11.0,23.5,218.5,23.5,0,1,15.0,164.0,15.0,1
13.5,53.5,11.5,0,15.0,129.0,15.0,24.5,218.5,27.5,0,1,18.0,164.0,18.0,1
12.5,53.5,12.5,0,16.0,129.0,15.0,24.5,218.5,27.5,0,1,16.0,164.0,20.0,1
1.5,61.5,1.5,0,5.0,145.0,5.0,22.5,217.5,22.5,0,1,4.0,175.0,4.0,1
4.5,61.5,4.5,0,9.0,145.0,10.0,24.5,217.5,25.5,0,1,9.0,175.0,5.0,1
4.5,61.5,4.5,0,6.0,145.0,6.0,25.5,217.5,26.5,0,1,8.0,175.0,5.0,1
12.0,51.0,12.0,0,1.0,139.0,1.0,12.5,207.5,12.5,0,1,13.5,165.5,13.5,1
17.0,51.0,17.0,0,3.0,139.0,4.0,17.5,207.5,17.5,0,1,18.5,165.5,14.5,1
16.0,51.0,15.0,0,5.0,139.0,6.0,15.5,207.5,16.5,0,1,17.5,165.5,18.5,1
4.0,59.0,4.0,0,4.0,136.0,4.0,73.5,268.5,73.5,0,1,6.5,172.5,6.5,1
9.0,59.0,9.0,0,5.0,136.0,9.0,77.5,268.5,78.5,0,1,7.5,172.5,9.5,1
5.0,59.0,7.0,0,9.0,136.0,6.0,76.5,268.5,74.5,0,1,9.5,172.5,7.5,1
11.5,56.5,11.5,0,9.0,129.0,9.0,12.5,223.5,12.5,0,0,18.5,133.5,18.5,1
16.5,56.5,12.5,0,11.0,129.0,13.0,16.5,223.5,16.5,0,0,23.5,133.5,21.5,1
13.5,56.5,12.5,0,14.0,129.0,14.0,14.5,223.5,13.5,0,0,20.5,133.5,20.5,1
9.0,59.0,9.0,0,5.0,115.0,5.0,21.5,232.5,21.5,0,0,22.0,137.0,22.0,1
10.0,59.0,11.0,0,6.0,115.0,10.0,23.5,232.5,24.5,0,0,24.0,137.0,26.0,1
10.0,59.0,11.0,0,7.0,115.0,9.0,24.5,232.5,23.5,0,0,23.0,137.0,24.0,1
13.5,54.5,13.5,0,4.0,116.0,4.0,28.5,239.5,28.5,0,0,28.5,143.5,28.5,1
16.5,54.5,15.5,0,6.0,116.0,5.0,31.5,239.5,29.5,0,0,31.5,143.5,33.5,1
18.5,54.5,16.5,0,5.0,116.0,9.0,30.5,239.5,30.5,0,0,29.5,143.5,33.5,1
7.0,61.0,7.0,0,6.0,114.0,6.0,28.0,239.0,28.0,0,0,26.0,141.0,26.0,1
9.0,61.0,12.0,0,8.0,114.0,8.0,33.0,239.0,33.0,0,0,29.0,141.0,27.0,1
11.0,61.0,11.0,0,8.0,114.0,11.0,33.0,239.0,30.0,0,0,31.0,141.0,29.0,1
8.0,60.0,8.0,0,8.0,128.0,8.0,7.5,203.5,7.5,0,0,27.0,142.0,27.0,1
12.0,60.0,12.0,0,9.0,128.0,12.0,9.5,203.5,12.5,0,0,31.0,142.0,31.0,1
12.0,60.0,12.0,0,12.0,128.0,13.0,8.5,203.5,11.5,0,0,30.0,142.0,32.0,1
3.0,71.0,3.0,0,0.0,120.0,0.0,29.0,240.0,29.0,0,0,3.0,118.0,3.0,1
5.0,71.0,7.0,0,1.0,120.0,4.0,33.0,240.0,30.0,0,0,5.0,118.0,8.0,1
6.0,71.0,7.0,0,1.0,120.0,5.0,33.0,240.0,33.0,0,0,8.0,118.0,4.0,1
8.5,59.5,8.5,0,0.0,120.0,0.0,42.0,253.0,42.0,0,0,21.0,136.0,21.0,1
11.5,59.5,11.5,0,3.0,120.0,1.0,47.0,253.0,46.0,0,0,23.0,136.0,24.0,1
13.5,59.5,13.5,0,3.0,120.0,2.0,45.0,253.0,46.0,0,0,22.0,136.0,24.0,1
1.0,67.0,1.0,0,13.0,133.0,13.0,33.5,244.5,33.5,0,0,18.5,133.5,18.5,1
3.0,67.0,4.0,0,14.0,133.0,14.0,37.5,244.5,35.5,0,0,21.5,133.5,19.5,1
3.5,65.5,3.5,1,16.0,144.0,16.0,13.0,221.0,13.0,1,0,4.5,135.5,4.5,1
6.5,65.5,6.5,1,18.0,144.0,20.0,14.0,221.0,16.0,1,0,9.5,135.5,6.5,1
5.5,65.5,5.5,1,17.0,144.0,17.0,18.0,221.0,17.0,1,0,6.5,135.5,5.5,1
2.5,47.5,2.5,0,14.0,124.0,14.0,9.0,245.0,9.0,0,0,3.5,155.5,3.5,1
5.5,47.5,6.5,0,16.0,124.0,19.0,10.0,245.0,13.0,0,0,4.5,155.5,7.5,1
5.5,47.5,4.5,0,19.0,124.0,19.0,13.0,245.0,13.0,0,0,4.5,155.5,6.5,1
2.0,43.0,2.0,0,13.0,125.0,13.0,16.0,252.0,16.0,0,0,10.0,162.0,10.0,1
3.0,43.0,5.0,0,15.0,125.0,16.0,20.0,252.0,18.0,0,0,11.0,162.0,13.0,1
3.0,43.0,5.0,0,18.0,125.0,16.0,21.0,252.0,19.0,0,0,13.0,162.0,13.0,1
4.5,49.5,4.5,0,15.0,123.0,15.0,15.5,251.5,15.5,0,0,7.5,159.5,7.5,1
9.5,49.5,5.5,0,20.0,123.0,16.0,20.5,251.5,17.5,0,0,11.5,159.5,8.5,1
6.5,49.5,7.5,0,20.0,123.0,17.0,19.5,251.5,17.5,0,0,8.5,159.5,10.5,1
3.5,48.5,3.5,0,1.0,137.0,1.0,20.0,216.0,20.0,0,0,8.5,160.5,8.5,1
4.5,48.5,8.5,0,2.0,137.0,6.0,25.0,216.0,21.0,0,0,13.5,160.5,10.5,1
8.5,48.5,5.5,0,5.0,137.0,3.0,23.0,216.0,24.0,0,0,11.5,160.5,12.5,1
14.5,59.5,14.5,0,9.0,129.0,9.0,16.5,252.5,16.5,0,0,15.5,136.5,15.5,1
18.5,59.5,16.5,0,11.0,129.0,10.0,20.5,252.5,17.5,0,0,19.5,136.5,16.5,1
19.5,59.5,15.5,0,10.0,129.0,12.0,20.5,252.5,17.5,0,0,16.5,136.5,18.5,1
3.0,48.0,3.0,0,9.0,129.0,9.0,29.5,265.5,29.5,0,0,2.5,154.5,2.5,1
5.0,48.0,8.0,0,11.0,129.0,13.0,31.5,265.5,31.5,0,0,4.5,154.5,7.5,1
4.0,48.0,7.0,0,13.0,129.0,14.0,33.5,265.5,30.5,0,0,5.5,154.5,7.5,1
10.5,55.5,10.5,0,4.0,142.0,4.0,21.0,257.0,21.0,0,0,0.0,152.0,0.0,1
11.5,55.5,11.5,0,8.0,142.0,7.0,24.0,257.0,24.0,0,0,2.0,152.0,3.0,1
15.5,55.5,12.5,0,5.0,142.0,5.0,26.0,257.0,25.0,0,0,4.0,152.0,5.0,1
6.5,43.5,6.5,0,0.0,120.0,0.0,14.5,229.5,14.5,0,1,4.0,166.0,4.0,1
8.5,43.5,9.5,0,4.0,120.0,1.0,19.5,229.5,18.5,0,1,7.0,166.0,8.0,1
11.5,43.5,11.5,0,2.0,120.0,2.0,17.5,229.5,15.5,0,1,9.0,166.0,6.0,1
2.0,48.0,2.0,0,7.5,112.5,7.5,20.0,224.0,20.0,0,1,5.0,167.0,5.0,1
6.0,48.0,4.0,0,10.5,112.5,12.5,23.0,224.0,22.0,0,1,7.0,167.0,8.0,1
7.0,48.0,7.0,0,10.5,112.5,11.5,22.0,224.0,25.0,0,1,10.0,167.0,8.0,1
7.0,57.0,7.0,0,5.0,125.0,5.0,29.5,273.5,29.5,0,1,20.0,142.0,20.0,1
8.0,42.0,8.0,0,1.0,119.0,1.0,17.0,227.0,17.0,0,1,15.0,177.0,15.0,1
12.0,42.0,12.0,0,4.0,119.0,2.0,19.0,227.0,20.0,0,1,16.0,177.0,20.0,1
10.0,42.0,9.0,0,3.0,119.0,6.0,19.0,227.0,22.0,0,1,20.0,177.0,16.0,1
8.5,58.5,8.5,0,16.0,136.0,16.0,16.5,260.5,16.5,0,1,5.0,167.0,5.0,1
13.5,58.5,13.5,0,17.0,136.0,19.0,19.5,260.5,18.5,0,1,9.0,167.0,6.0,1
11.5,58.5,12.5,0,17.0,136.0,19.0,20.5,260.5,18.5,0,1,9.0,167.0,9.0,1
2.0,52.0,2.0,0,20.0,140.0,20.0,21.5,222.5,21.5,0,1,0.5,162.5,0.5,1
6.0,52.0,5.0,0,24.0,140.0,25.0,24.5,222.5,26.5,0,1,5.5,162.5,4.5,1
6.0,52.0,7.0,0,21.0,140.0,24.0,24.5,222.5,22.5,0,1,1.5,162.5,5.5,1
0.5,49.5,0.5,0,7.0,127.0,7.0,13.5,257.5,13.5,0,1,0.0,162.0,0.0,1
2.5,49.5,3.5,0,8.0,127.0,11.0,18.5,257.5,14.5,0,1,1.0,162.0,5.0,1
5.5,49.5,3.5,0,12.0,127.0,10.0,15.5,257.5,18.5,0,1,4.0,162.0,1.0,1
4.5,45.5,4.5,0,3.0,123.0,3.0,31.0,275.0,31.0,0,1,0.5,162.5,0.5,1
8.5,45.5,9.5,0,8.0,123.0,6.0,35.0,275.0,36.0,0,1,4.5,162.5,2.5,1
6.5,45.5,8.5,0,4.0,123.0,7.0,36.0,275.0,35.0,0,1,3.5,162.5,1.5,1
0.5,49.5,0.5,0,5.0,125.0,5.0,12.5,256.5,12.5,0,1,0.5,162.5,0.5,1
4.5,49.5,3.5,0,10.0,125.0,10.0,13.5,256.5,13.5,0,1,4.5,162.5,3.5,1
1.5,49.5,2.5,0,10.0,125.0,8.0,14.5,256.5,15.5,0,1,1.5,162.5,2.5,1
4.0,46.0,4.0,0,0.0,120.0,0.0,17.5,226.5,17.5,0,1,5.5,167.5,5.5,1
8.0,46.0,8.0,0,3.0,120.0,1.0,20.5,226.5,20.5,0,1,8.5,167.5,7.5,1
8.0,46.0,7.0,0,1.0,120.0,1.0,21.5,226.5,18.5,0,1,6.5,167.5,8.5,1
8.5,58.5,8.5,0,7.0,113.0,7.0,10.5,233.5,10.5,0,1,10.0,152.0,10.0,1
10.5,58.5,9.5,0,8.0,113.0,10.0,12.5,233.5,14.5,0,1,11.0,152.0,13.0,1
9.5,58.5,11.5,0,11.0,113.0,12.0,15.5,233.5,13.5,0,1,14.0,152.0,13.0,1
3.0,47.0,3.0,0,1.0,119.0,1.0,1.0,243.0,1.0,0,1,6.5,155.5,6.5,1
7.0,47.0,6.0,0,5.0,119.0,6.0,6.0,243.0,5.0,0,1,11.5,155.5,8.5,1
8.0,47.0,8.0,0,4.0,119.0,2.0,6.0,243.0,6.0,0,1,9.5,155.5,8.5,1
5.0,55.0,5.0,0,15.0,135.0,15.0,2.0,242.0,2.0,0,1,4.5,166.5,4.5,1
10.0,55.0,10.0,0,18.0,135.0,18.0,3.0,242.0,6.0,0,1,6.5,166.5,5.5,1
10.0,55.0,8.0,0,16.0,135.0,16.0,7.0,242.0,4.0,0,1,7.5,166.5,8.5,1
5.5,44.5,5.5,0,9.0,129.0,9.0,12.0,232.0,12.0,0,1,5.0,157.0,5.0,1
7.5,44.5,7.5,0,10.0,129.0,12.0,14.0,232.0,13.0,0,1,10.0,157.0,10.0,1
9.5,44.5,6.5,0,12.0,129.0,11.0,14.0,232.0,17.0,0,1,10.0,157.0,6.0,1
2.5,52.5,2.5,0,6.0,126.0,6.0,49.0,293.0,49.0,0,1,2.0,164.0,2.0,1
6.5,52.5,7.5,0,8.0,126.0,11.0,52.0,293.0,50.0,0,1,3.0,164.0,6.0,1
5.5,52.5,6.5,0,9.0,126.0,10.0,51.0,293.0,52.0,0,1,5.0,164.0,5.0,1
4.5,45.5,4.5,0,1.0,111.0,1.0,7.0,261.0,7.0,0,0,6.5,165.5,6.5,1
7.5,45.5,5.5,0,5.0,111.0,6.0,12.0,261.0,12.0,0,0,9.5,165.5,10.5,1
6.5,45.5,6.5,0,2.0,111.0,5.0,9.0,261.0,12.0,0,0,8.5,165.5,11.5,1
2.0,52.0,2.0,0,1.0,109.0,1.0,6.5,260.5,6.5,0,0,4.0,163.0,4.0,1
5.0,52.0,7.0,0,3.0,109.0,4.0,8.5,260.5,7.5,0,0,6.0,163.0,9.0,1
5.0,52.0,5.0,0,3.0,109.0,5.0,11.5,260.5,8.5,0,0,6.0,163.0,6.0,1
1.0,51.0,1.0,0,13.0,123.0,13.0,29.0,225.0,29.0,0,0,5.0,164.0,5.0,1
5.0,51.0,5.0,0,15.0,123.0,16.0,32.0,225.0,32.0,0,0,9.0,164.0,10.0,1
4.0,51.0,6.0,0,16.0,123.0,18.0,30.0,225.0,31.0,0,0,9.0,164.0,8.0,1
12.0,62.0,12.0,0,5.0,115.0,5.0,7.5,261.5,7.5,0,0,19.0,140.0,19.0,1
16.0,62.0,16.0,0,7.0,115.0,7.0,10.5,261.5,11.5,0,0,22.0,140.0,24.0,1
15.0,62.0,17.0,0,6.0,115.0,9.0,8.5,261.5,10.5,0,0,24.0,140.0,24.0,1
0.5,50.5,0.5,0,5.0,115.0,5.0,20.5,274.5,20.5,0,0,1.0,158.0,1.0,1
2.5,50.5,5.5,0,7.0,115.0,9.0,23.5,274.5,23.5,0,0,3.0,158.0,5.0,1
1.5,50.5,5.5,0,7.0,115.0,9.0,24.5,274.5,22.5,0,0,3.0,158.0,2.0,1
8.0,58.0,8.0,0,18.0,128.0,18.0,12.0,266.0,12.0,0,0,3.5,155.5,3.5,1
5.0,64.0,4.0,0,23.0,160.0,21.0,10.0,319.0,7.0,0,1,14.5,143.5,14.5,1
1.0,64.0,5.0,0,23.0,160.0,21.0,8.0,319.0,8.0,0,1,15.5,143.5,15.5,1
5.0,64.0,3.0,0,26.0,155.0,29.0,13.0,314.0,16.0,0,1,21.0,138.0,20.0,1
2.0,64.0,4.0,0,30.0,155.0,26.0,14.0,314.0,13.0,0,1,20.0,138.0,18.0,1
1.5,65.5,1.5,0,14.0,166.0,14.0,24.0,301.0,24.0,0,1,9.0,163.0,9.0,1
6.5,65.5,3.5,0,16.0,166.0,18.0,28.0,301.0,26.0,0,1,14.0,163.0,13.0,1
3.5,65.5,2.5,0,15.0,166.0,17.0,28.0,301.0,28.0,0,1,12.0,163.0,11.0,1
5.0,59.0,5.0,0,10.0,170.0,10.0,62.0,263.0,62.0,0,1,4.5,158.5,4.5,1
7.0,59.0,7.0,0,11.0,170.0,14.0,67.0,263.0,63.0,0,1,8.5,158.5,7.5,1
10.0,59.0,7.0,0,11.0,170.0,12.0,65.0,263.0,63.0,0,1,6.5,158.5,8.5,1
7.5,56.5,7.5,0,23.0,157.0,23.0,27.0,298.0,27.0,0,1,4.0,158.0,4.0,1
11.5,56.5,9.5,0,24.0,157.0,26.0,30.0,298.0,29.0,0,1,6.0,158.0,7.0,1
11.5,56.5,11.5,0,28.0,157.0,28.0,32.0,298.0,29.0,0,1,8.0,158.0,5.0,1
11.5,52.5,11.5,0,27.0,153.0,27.0,9.5,315.5,9.5,0,1,4.5,158.5,4.5,1
16.5,52.5,12.5,0,31.0,153.0,29.0,10.5,315.5,13.5,0,1,6.5,158.5,8.5,1
14.5,52.5,13.5,0,31.0,153.0,30.0,11.5,315.5,12.5,0,1,7.5,158.5,9.5,1
7.5,56.5,7.5,0,25.0,155.0,25.0,28.0,297.0,28.0,0,1,4.5,158.5,4.5,1
8.5,56.5,11.5,0,30.0,155.0,29.0,32.0,297.0,31.0,0,1,5.5,158.5,5.5,1
12.5,56.5,8.5,0,26.0,155.0,29.0,31.0,297.0,33.0,0,1,5.5,158.5,8.5,1
1.5,65.5,1.5,0,37.0,143.0,37.0,51.0,274.0,51.0,0,1,6.0,148.0,6.0,1
6.5,65.5,2.5,0,39.0,143.0,38.0,54.0,274.0,52.0,0,1,7.0,148.0,11.0,1
2.5,65.5,2.5,0,42.0,143.0,38.0,55.0,274.0,52.0,0,1,9.0,148.0,10.0,1
6.0,70.0,6.0,0,20.0,160.0,20.0,64.0,261.0,64.0,0,1,19.0,135.0,19.0,1
4.5,59.5,4.5,0,24.0,156.0,24.0,8.5,333.5,8.5,0,1,6.0,160.0,6.0,1
7.5,59.5,7.5,0,25.0,156.0,29.0,10.5,333.5,13.5,0,1,9.0,160.0,8.0,1
6.5,59.5,5.5,0,26.0,156.0,25.0,12.5,333.5,13.5,0,1,9.0,160.0,7.0,1
3.0,64.0,4.0,0,7.0,135.0,6.0,10.0,308.0,7.0,0,1,9.5,127.5,9.5,1
1.0,64.0,4.0,0,8.0,135.0,8.0,7.0,308.0,8.0,0,1,10.5,127.5,7.5,1
1.5,65.5,1.5,0,6.0,146.0,6.0,18.0,295.0,18.0,0,1,19.5,152.5,19.5,1
4.5,65.5,5.5,0,11.0,146.0,7.0,22.0,295.0,20.0,0,1,22.5,152.5,21.5,1
5.5,65.5,2.5,0,11.0,146.0,7.0,20.0,295.0,21.0,0,1,22.5,152.5,23.5,1
7.5,56.5,7.5,0,3.0,137.0,3.0,21.0,292.0,21.0,0,1,14.5,147.5,14.5,1
11.5,52.5,11.5,0,7.0,133.0,7.0,3.5,309.5,3.5,0,1,15.0,148.0,15.0,1
1.5,65.5,1.5,0,17.0,123.0,17.0,45.0,268.0,45.0,0,1,4.5,137.5,4.5,1
2.5,65.5,3.5,0,22.0,123.0,22.0,50.0,268.0,49.0,0,1,9.5,137.5,8.5,1
5.5,65.5,6.5,0,22.0,123.0,19.0,49.0,268.0,50.0,0,1,6.5,137.5,5.5,1
6.0,70.0,6.0,0,0.0,140.0,0.0,58.0,255.0,58.0,0,1,8.5,124.5,8.5,1
11.0,70.0,7.0,0,2.0,140.0,2.0,63.0,255.0,60.0,0,1,12.5,124.5,12.5,1
7.0,70.0,7.0,0,2.0,140.0,4.0,59.0,255.0,63.0,0,1,12.5,124.5,12.5,1
12.5,51.5,12.5,0,1.0,139.0,1.0,46.5,266.5,46.5,0,1,9.5,142.5,9.5,1
14.5,51.5,13.5,0,5.0,139.0,2.0,50.5,266.5,48.5,0,1,13.5,142.5,12.5,1
13.5,51.5,13.5,0,6.0,139.0,5.0,48.5,266.5,51.5,0,1,12.5,142.5,13.5,1
4.5,59.5,4.5,0,4.0,136.0,4.0,14.5,327.5,14.5,0,1,16.5,149.5,16.5,1
8.5,59.5,8.5,0,8.0,136.0,8.0,15.5,327.5,19.5,0,1,21.5,149.5,19.5,1
9.5,59.5,7.5,0,7.0,136.0,7.0,17.5,327.5,18.5,0,1,17.5,149.5,17.5,1
2.0,45.0,2.0,1,1.0,111.0,1.0,3.5,207.5,3.5,0,1,9.0,152.0,9.0,1
5.0,45.0,3.0,1,5.0,111.0,3.0,8.5,207.5,6.5,0,1,11.0,152.0,10.0,1
7.0,45.0,3.0,1,4.0,111.0,5.0,8.5,207.5,6.5,0,1,10.0,152.0,11.0,1
0.5,42.5,0.5,1,5.0,115.0,5.0,42.0,253.0,42.0,0,1,0.5,161.5,0.5,1
4.5,42.5,2.5,1,8.0,115.0,6.0,44.0,253.0,45.0,0,1,1.5,161.5,5.5,1
3.5,42.5,4.5,1,7.0,115.0,6.0,45.0,253.0,46.0,0,1,3.5,161.5,4.5,1
1.0,42.0,1.0,1,0.0,110.0,0.0,12.0,223.0,12.0,0,1,4.0,157.0,4.0,1
4.0,42.0,6.0,1,1.0,110.0,2.0,16.0,223.0,14.0,0,1,9.0,157.0,7.0,1
6.0,42.0,4.0,1,2.0,110.0,5.0,13.0,223.0,13.0,0,1,7.0,157.0,5.0,1
0.5,43.5,0.5,1,5.0,115.0,5.0,7.5,218.5,7.5,0,1,4.0,165.0,4.0,1
2.5,43.5,4.5,1,7.0,115.0,9.0,10.5,218.5,12.5,0,1,5.0,165.0,9.0,1
5.5,43.5,2.5,1,9.0,115.0,8.0,8.5,218.5,10.5,0,1,7.0,165.0,5.0,1
0.5,42.5,0.5,1,10.0,120.0,10.0,15.5,195.5,15.5,0,1,5.5,155.5,5.5,1
1.5,42.5,2.5,1,11.0,120.0,12.0,20.5,195.5,17.5,0,1,6.5,155.5,8.5,1
2.5,42.5,1.5,1,12.0,120.0,13.0,18.5,195.5,19.5,0,1,6.5,155.5,7.5,1
2.0,45.0,2.0,1,10.0,120.0,10.0,21.0,232.0,21.0,0,1,9.0,170.0,9.0,1
4.0,39.0,4.0,1,6.0,116.0,6.0,9.5,201.5,9.5,0,1,6.5,167.5,6.5,1
6.0,39.0,5.0,1,11.0,116.0,7.0,10.5,201.5,12.5,0,1,8.5,167.5,11.5,1
8.0,39.0,5.0,1,10.0,116.0,10.0,14.5,201.5,13.5,0,1,10.5,167.5,7.5,1
1.0,42.0,1.0,1,5.0,115.0,5.0,27.0,184.0,27.0,0,1,10.5,171.5,10.5,1
3.0,42.0,4.0,1,7.0,115.0,8.0,28.0,184.0,30.0,0,1,12.5,171.5,12.5,1
3.0,42.0,6.0,1,6.0,115.0,6.0,29.0,184.0,30.0,0,1,12.5,171.5,13.5,1
2.5,40.5,2.5,1,14.0,124.0,14.0,18.0,193.0,18.0,0,1,6.0,167.0,6.0,1
6.5,40.5,5.5,1,16.0,124.0,16.0,20.0,193.0,21.0,0,1,10.0,167.0,7.0,1
4.5,40.5,5.5,1,16.0,124.0,19.0,20.0,193.0,20.0,0,1,11.0,167.0,7.0,1
2.5,40.5,2.5,1,14.0,124.0,14.0,18.0,193.0,18.0,0,1,6.0,167.0,6.0,1
4.5,40.5,7.5,1,17.0,124.0,15.0,22.0,193.0,22.0,0,1,9.0,167.0,10.0,1
7.5,40.5,3.5,1,18.0,124.0,17.0,19.0,193.0,19.0,0,1,10.0,167.0,11.0,1
4.0,51.0,4.0,1,9.0,121.0,9.0,29.0,233.0,29.0,0,1,6.0,149.0,6.0,1
6.5,48.5,6.5,1,5.0,125.0,5.0,16.5,278.5,16.5,0,1,3.5,158.5,3.5,1
10.5,48.5,8.5,1,9.0,125.0,10.0,20.5,278.5,21.5,0,1,6.5,158.5,5.5,1
11.5,48.5,9.5,1,8.0,125.0,10.0,21.5,278.5,20.5,0,1,6.5,158.5,6.5,1
7.0,48.0,7.0,1,10.0,120.0,10.0,13.5,248.5,13.5,0,1,1.0,154.0,1.0,1
4.5,59.5,4.5,1,1.0,129.0,1.0,0.5,262.5,0.5,0,1,25.0,130.0,25.0,1
7.5,59.5,5.5,1,6.0,129.0,4.0,1.5,262.5,4.5,0,1,27.0,130.0,29.0,1
9.5,59.5,8.5,1,6.0,129.0,4.0,2.5,262.5,1.5,0,1,30.0,130.0,29.0,1
5.5,49.5,5.5,1,5.0,125.0,5.0,18.0,244.0,18.0,0,1,7.0,162.0,7.0,1
9.5,49.5,7.5,1,8.0,125.0,9.0,19.0,244.0,22.0,0,1,10.0,162.0,8.0,1
6.5,49.5,9.5,1,9.0,125.0,9.0,22.0,244.0,19.0,0,1,11.0,162.0,12.0,1
6.5,48.5,6.5,1,0.0,130.0,0.0,41.0,221.0,41.0,0,1,2.5,152.5,2.5,1
8.5,48.5,7.5,1,2.0,130.0,3.0,43.0,221.0,43.0,0,1,7.5,152.5,3.5,1
7.5,48.5,10.5,1,5.0,130.0,3.0,46.0,221.0,43.0,0,1,4.5,152.5,7.5,1
4.0,51.0,4.0,1,0.0,130.0,0.0,4.5,257.5,4.5,0,1,12.0,167.0,12.0,1
6.0,51.0,6.0,1,2.0,130.0,2.0,7.5,257.5,5.5,0,1,13.0,167.0,13.0,1
5.0,51.0,6.0,1,4.0,130.0,1.0,9.5,257.5,8.5,0,1,16.0,167.0,13.0,1
10.0,45.0,10.0,1,4.0,126.0,4.0,35.0,227.0,35.0,0,1,9.5,164.5,9.5,1
11.0,45.0,12.0,1,7.0,126.0,7.0,39.0,227.0,39.0,0,1,14.5,164.5,11.5,1
13.0,45.0,12.0,1,9.0,126.0,8.0,38.0,227.0,37.0,0,1,10.5,164.5,11.5,1
7.0,48.0,7.0,1,5.0,125.0,5.0,52.5,209.5,52.5,0,1,13.5,168.5,13.5,1
8.0,48.0,8.0,1,6.0,125.0,10.0,54.5,209.5,57.5,0,1,16.5,168.5,17.5,1
8.5,46.5,8.5,1,4.0,134.0,4.0,43.5,218.5,43.5,0,1,9.0,164.0,9.0,1
8.5,46.5,8.5,1,4.0,134.0,4.0,43.5,218.5,43.5,0,1,9.0,164.0,9.0,1
4.5,41.5,4.5,0,7.5,112.5,7.5,5.5,209.5,5.5,0,1,1.0,171.0,1.0,1
8.5,41.5,9.5,0,12.5,112.5,8.5,6.5,209.5,10.5,0,1,4.0,171.0,4.0,1
8.5,41.5,6.5,0,12.5,112.5,9.5,8.5,209.5,7.5,0,1,4.0,171.0,5.0,1
13.5,50.5,13.5,0,5.0,125.0,5.0,44.0,259.0,44.0,0,1,24.0,146.0,24.0,1
18.5,50.5,15.5,0,10.0,125.0,10.0,45.0,259.0,49.0,0,1,27.0,146.0,29.0,1
1.5,35.5,1.5,0,1.0,119.0,1.0,2.5,212.5,2.5,0,1,11.0,181.0,11.0,1
2.5,35.5,5.5,0,3.0,119.0,6.0,4.5,212.5,3.5,0,1,15.0,181.0,12.0,1
4.5,35.5,5.5,0,5.0,119.0,5.0,3.5,212.5,6.5,0,1,14.0,181.0,15.0,1
15.0,52.0,15.0,0,16.0,136.0,16.0,31.0,246.0,31.0,0,1,1.0,171.0,1.0,1
17.0,52.0,19.0,0,17.0,136.0,19.0,35.0,246.0,35.0,0,1,6.0,171.0,5.0,1
17.0,52.0,19.0,0,17.0,136.0,17.0,32.0,246.0,32.0,0,1,4.0,171.0,3.0,1
8.5,45.5,8.5,0,20.0,140.0,20.0,7.0,208.0,7.0,0,1,3.5,166.5,3.5,1
13.5,45.5,11.5,0,21.0,140.0,23.0,9.0,208.0,11.0,0,1,4.5,166.5,8.5,1
13.5,45.5,10.5,0,24.0,140.0,22.0,10.0,208.0,8.0,0,1,7.5,166.5,5.5,1
6.0,43.0,6.0,0,7.0,127.0,7.0,28.0,243.0,28.0,0,1,4.0,166.0,4.0,1
11.0,43.0,10.0,0,8.0,127.0,9.0,30.0,243.0,33.0,0,1,5.0,166.0,9.0,1
7.0,43.0,9.0,0,10.0,127.0,12.0,33.0,243.0,31.0,0,1,5.0,166.0,8.0,1
2.0,39.0,2.0,0,3.0,123.0,3.0,45.5,260.5,45.5,0,1,3.5,166.5,3.5,1
3.0,39.0,5.0,0,7.0,123.0,7.0,47.5,260.5,50.5,0,1,7.5,166.5,7.5,1
6.0,39.0,3.0,0,7.0,123.0,8.0,50.5,260.5,49.5,0,1,5.5,166.5,8.5,1
6.0,43.0,6.0,0,5.0,125.0,5.0,27.0,242.0,27.0,0,1,3.5,166.5,3.5,1
8.0,43.0,7.0,0,9.0,125.0,10.0,29.0,242.0,29.0,0,1,6.5,166.5,8.5,1
10.0,43.0,11.0,0,9.0,125.0,8.0,31.0,242.0,28.0,0,1,7.5,166.5,8.5,1
2.5,39.5,2.5,0,0.0,120.0,0.0,3.0,212.0,3.0,0,1,1.5,171.5,1.5,1
7.5,39.5,6.5,0,1.0,120.0,5.0,7.0,212.0,4.0,0,1,6.5,171.5,4.5,1
4.5,39.5,4.5,0,5.0,120.0,3.0,8.0,212.0,7.0,0,1,3.5,171.5,5.5,1
15.0,52.0,15.0,0,7.0,113.0,7.0,4.0,219.0,4.0,0,1,14.0,156.0,14.0,1
18.0,52.0,19.0,0,12.0,113.0,11.0,9.0,219.0,6.0,0,1,19.0,156.0,19.0,1
20.0,52.0,17.0,0,10.0,113.0,10.0,9.0,219.0,9.0,0,1,18.0,156.0,19.0,1
3.5,40.5,3.5,0,1.0,119.0,1.0,13.5,228.5,13.5,0,1,10.5,159.5,10.5,1
5.5,40.5,7.5,0,6.0,119.0,5.0,17.5,228.5,16.5,0,1,14.5,159.5,12.5,1
5.5,40.5,4.5,0,4.0,119.0,3.0,15.5,228.5,15.5,0,1,14.5,159.5,14.5,1
11.5,48.5,11.5,0,15.0,135.0,15.0,12.5,227.5,12.5,0,1,0.5,170.5,0.5,1
13.5,48.5,14.5,0,20.0,135.0,20.0,15.5,227.5,17.5,0,1,1.5,170.5,4.5,1
13.5,48.5,15.5,0,16.0,135.0,16.0,14.5,227.5,16.5,0,1,2.5,170.5,4.5,1
1.0,38.0,1.0,0,9.0,129.0,9.0,2.5,217.5,2.5,0,1,9.0,161.0,9.0,1
3.0,38.0,3.0,0,11.0,129.0,14.0,6.5,217.5,5.5,0,1,13.0,161.0,13.0,1
6.0,38.0,2.0,0,14.0,129.0,10.0,5.5,217.5,5.5,0,1,11.0,161.0,13.0,1
9.0,46.0,9.0,0,6.0,126.0,6.0,63.5,278.5,63.5,0,1,2.0,168.0,2.0,1
12.0,46.0,10.0,0,11.0,126.0,8.0,64.5,278.5,68.5,0,1,6.0,168.0,7.0,1
10.0,46.0,10.0,0,9.0,126.0,10.0,68.5,278.5,66.5,0,1,4.0,168.0,3.0,1
7.5,48.5,7.5,1,5.0,125.0,5.0,10.5,203.5,10.5,0,0,3.0,165.0,3.0,1
12.5,48.5,9.5,1,9.0,125.0,9.0,13.5,203.5,11.5,0,0,7.0,165.0,4.0,1
11.5,48.5,12.5,1,8.0,125.0,7.0,12.5,203.5,14.5,0,0,8.0,165.0,5.0,1
12.5,53.5,12.5,1,15.0,145.0,15.0,7.0,221.0,7.0,0,0,15.0,153.0,15.0,1
11.5,52.5,11.5,1,20.0,150.0,20.0,6.5,220.5,6.5,0,0,6.5,161.5,6.5,1
15.5,52.5,12.5,1,23.0,150.0,22.0,10.5,220.5,11.5,0,0,9.5,161.5,7.5,1
7.5,48.5,7.5,1,0.0,130.0,0.0,3.5,217.5,3.5,0,0,2.5,165.5,2.5,1
12.5,48.5,8.5,1,5.0,130.0,4.0,7.5,217.5,5.5,0,0,5.5,165.5,4.5,1
8.5,48.5,10.5,1,5.0,130.0,3.0,7.5,217.5,5.5,0,0,6.5,165.5,7.5,1
5.0,61.0,5.0,1,20.0,140.0,20.0,17.5,210.5,17.5,0,0,12.0,150.0,12.0,1
4.0,60.0,4.0,1,25.0,145.0,25.0,17.0,210.0,17.0,0,0,3.5,158.5,3.5,1
9.0,60.0,8.0,1,27.0,145.0,28.0,21.0,210.0,22.0,0,0,5.5,158.5,6.5,1
8.0,60.0,8.0,1,27.0,145.0,30.0,18.0,210.0,20.0,0,0,4.5,158.5,6.5,1
5.0,56.0,5.0,1,8.0,125.0,10.0,18.0,207.0,19.0,0,0,3.5,162.5,4.5,1
5.0,56.0,3.0,1,10.0,125.0,7.0,19.0,207.0,18.0,0,0,1.5,162.5,4.5,1
6.0,40.0,6.0,0,6.5,111.5,6.5,3.0,207.0,3.0,0,1,10.0,182.0,10.0,1
7.0,40.0,7.0,0,8.5,111.5,9.5,6.0,207.0,5.0,0,1,12.0,182.0,13.0,1
9.0,40.0,7.0,0,11.5,111.5,10.5,4.0,207.0,6.0,0,1,15.0,182.0,14.0,1
10.5,56.5,10.5,0,23.5,128.5,23.5,36.5,240.5,36.5,0,1,0.0,172.0,0.0,1
11.5,56.5,13.5,0,24.5,128.5,27.5,41.5,240.5,38.5,0,1,3.0,172.0,1.0,1
14.5,56.5,13.5,0,26.5,128.5,25.5,39.5,240.5,41.5,0,1,3.0,172.0,5.0,1
4.0,50.0,4.0,0,27.5,132.5,27.5,1.5,202.5,1.5,0,1,4.5,167.5,4.5,1
5.0,50.0,9.0,0,32.5,132.5,30.5,4.5,202.5,3.5,0,1,6.5,167.5,9.5,1
7.0,50.0,5.0,0,30.5,132.5,31.5,4.5,202.5,3.5,0,1,7.5,167.5,7.5,1
1.5,47.5,1.5,0,14.5,119.5,14.5,33.5,237.5,33.5,0,1,5.0,167.0,5.0,1
2.5,47.5,4.5,0,18.5,119.5,16.5,35.5,237.5,34.5,0,1,8.0,167.0,10.0,1
2.5,47.5,4.5,0,19.5,119.5,15.5,38.5,237.5,35.5,0,1,6.0,167.0,8.0,1
2.5,43.5,2.5,0,10.5,115.5,10.5,51.0,255.0,51.0,0,1,4.5,167.5,4.5,1
3.5,43.5,5.5,0,11.5,115.5,12.5,53.0,255.0,55.0,0,1,8.5,167.5,6.5,1
3.5,43.5,4.5,0,14.5,115.5,14.5,53.0,255.0,53.0,0,1,5.5,167.5,5.5,1
1.5,47.5,1.5,0,12.5,117.5,12.5,32.5,236.5,32.5,0,1,4.5,167.5,4.5,1
6.5,47.5,5.5,0,16.5,117.5,17.5,33.5,236.5,34.5,0,1,7.5,167.5,5.5,1
2.5,47.5,6.5,0,17.5,117.5,13.5,33.5,236.5,33.5,0,1,9.5,167.5,7.5,1
2.0,44.0,2.0,0,7.5,112.5,7.5,2.5,206.5,2.5,0,1,0.5,172.5,0.5,1
7.0,44.0,7.0,0,11.5,112.5,9.5,4.5,206.5,3.5,0,1,4.5,172.5,2.5,1
3.0,44.0,6.0,0,10.5,112.5,9.5,3.5,206.5,6.5,0,1,5.5,172.5,2.5,1
10.5,56.5,10.5,0,0.5,105.5,0.5,9.5,213.5,9.5,0,1,15.0,157.0,15.0,1
15.5,56.5,12.5,0,1.5,105.5,4.5,14.5,213.5,11.5,0,1,20.0,157.0,18.0,1
15.5,56.5,13.5,0,5.5,105.5,3.5,11.5,213.5,10.5,0,1,16.0,157.0,16.0,1
1.0,45.0,1.0,0,6.5,111.5,6.5,19.0,223.0,19.0,0,1,11.5,160.5,11.5,1
2.0,45.0,5.0,0,7.5,111.5,9.5,22.0,223.0,22.0,0,1,13.5,160.5,16.5,1
4.0,45.0,6.0,0,9.5,111.5,7.5,20.0,223.0,21.0,0,1,13.5,160.5,16.5,1
7.0,53.0,7.0,0,22.5,127.5,22.5,18.0,222.0,18.0,0,1,0.5,171.5,0.5,1
12.0,53.0,11.0,0,24.5,127.5,24.5,22.0,222.0,23.0,0,1,4.5,171.5,4.5,1
8.0,53.0,12.0,0,25.5,127.5,27.5,20.0,222.0,21.0,0,1,5.5,171.5,4.5,1
3.5,42.5,3.5,0,16.5,121.5,16.5,8.0,212.0,8.0,0,1,10.0,162.0,10.0,1
4.5,42.5,5.5,0,18.5,121.5,18.5,11.0,212.0,9.0,0,1,13.0,162.0,14.0,1
6.5,42.5,4.5,0,21.5,121.5,21.5,11.0,212.0,11.0,0,1,14.0,162.0,14.0,1
4.5,50.5,4.5,0,13.5,118.5,13.5,69.0,273.0,69.0,0,1,3.0,169.0,3.0,1
9.5,50.5,7.5,0,18.5,118.5,15.5,70.0,273.0,74.0,0,1,4.0,169.0,8.0,1
8.5,50.5,6.5,0,14.5,118.5,14.5,70.0,273.0,74.0,0,1,7.0,169.0,7.0,1
15.0,49.0,15.0,0,6.0,124.0,6.0,46.5,256.5,46.5,0,1,35.0,157.0,35.0,1
1.5,65.5,1.5,0,11.0,141.0,11.0,13.0,290.0,13.0,0,1,25.0,147.0,25.0,1
5.5,65.5,6.5,0,13.0,141.0,14.0,15.0,290.0,16.0,0,1,26.0,147.0,30.0,1
2.5,65.5,6.5,0,13.0,141.0,15.0,18.0,290.0,17.0,0,1,30.0,147.0,28.0,1
7.5,56.5,7.5,0,2.0,132.0,2.0,16.0,287.0,16.0,0,1,20.0,142.0,20.0,1
12.5,56.5,12.5,0,5.0,132.0,3.0,17.0,287.0,20.0,0,1,25.0,142.0,24.0,1
7.5,56.5,7.5,0,0.0,130.0,0.0,17.0,286.0,17.0,0,1,20.5,142.5,20.5,1
11.0,53.0,11.0,0,5.0,125.0,5.0,47.0,256.0,47.0,0,1,25.5,147.5,25.5,1
1.5,65.5,1.5,0,12.0,118.0,12.0,40.0,263.0,40.0,0,1,10.0,132.0,10.0,1
6.5,65.5,4.5,0,14.0,118.0,14.0,45.0,263.0,42.0,0,1,13.0,132.0,11.0,1
6.5,65.5,3.5,0,15.0,118.0,17.0,41.0,263.0,44.0,0,1,11.0,132.0,12.0,1
6.0,70.0,6.0,0,5.0,135.0,5.0,53.0,250.0,53.0,0,1,3.0,119.0,3.0,1
8.0,70.0,9.0,0,10.0,135.0,6.0,55.0,250.0,55.0,0,1,5.0,119.0,5.0,1
9.0,70.0,8.0,0,10.0,135.0,6.0,56.0,250.0,56.0,0,1,4.0,119.0,6.0,1
10.0,54.0,10.0,0,6.0,124.0,6.0,30.5,272.5,30.5,0,1,13.5,135.5,13.5,1
12.5,51.5,12.5,0,4.0,134.0,4.0,41.5,261.5,41.5,0,1,15.0,137.0,15.0,1
4.5,59.5,4.5,0,1.0,131.0,1.0,19.5,322.5,19.5,0,1,22.0,144.0,22.0,1
8.5,59.5,6.5,0,2.0,131.0,3.0,24.5,322.5,22.5,0,1,24.0,144.0,24.0,1
3.5,62.5,3.5,1,11.0,149.0,11.0,21.5,249.5,21.5,0,0,22.0,160.0,22.0,1
2.5,61.5,2.5,1,16.0,154.0,16.0,22.0,249.0,22.0,0,0,13.5,168.5,13.5,1
6.5,47.5,6.5,0,2.0,110.0,2.0,0.5,267.5,0.5,0,0,2.5,169.5,2.5,1
11.5,47.5,8.5,0,3.0,110.0,3.0,4.5,267.5,1.5,0,0,3.5,169.5,6.5,1
9.5,47.5,8.5,0,6.0,110.0,5.0,1.5,267.5,4.5,0,0,3.5,169.5,4.5,1
5.5,46.5,5.5,0,12.0,124.0,12.0,36.0,232.0,36.0,0,0,1.5,170.5,1.5,1
8.5,46.5,8.5,0,15.0,124.0,17.0,40.0,232.0,37.0,0,0,5.5,170.5,5.5,1
16.5,57.5,16.5,0,4.0,116.0,4.0,0.5,268.5,0.5,0,0,25.5,146.5,25.5,1
18.5,57.5,21.5,0,9.0,116.0,6.0,2.5,268.5,2.5,0,0,27.5,146.5,27.5,1
21.5,57.5,17.5,0,8.0,116.0,6.0,2.5,268.5,2.5,0,0,27.5,146.5,28.5,1
5.0,46.0,5.0,0,4.0,116.0,4.0,13.5,281.5,13.5,0,0,7.5,164.5,7.5,1
10.0,46.0,7.0,0,9.0,116.0,6.0,16.5,281.5,14.5,0,0,8.5,164.5,12.5,1
6.0,46.0,10.0,0,5.0,116.0,9.0,17.5,281.5,17.5,0,0,11.5,164.5,12.5,1
1.0,53.0,1.0,0,14.0,122.0,14.0,35.5,231.5,35.5,0,0,1.0,168.0,1.0,1
4.0,53.0,5.0,0,16.0,122.0,19.0,37.5,231.5,38.5,0,0,3.0,168.0,5.0,1
2.0,53.0,6.0,0,17.0,122.0,18.0,37.5,231.5,40.5,0,0,4.0,168.0,5.0,1
10.0,64.0,10.0,0,6.0,114.0,6.0,1.0,268.0,1.0,0,0,23.0,144.0,23.0,1
15.0,64.0,14.0,0,8.0,114.0,9.0,5.0,268.0,5.0,0,0,27.0,144.0,25.0,1
13.0,64.0,13.0,0,8.0,114.0,10.0,3.0,268.0,2.0,0,0,28.0,144.0,25.0,1
1.5,52.5,1.5,0,6.0,114.0,6.0,14.0,281.0,14.0,0,0,5.0,162.0,5.0,1
6.5,52.5,4.5,0,9.0,114.0,11.0,17.0,281.0,18.0,0,0,7.0,162.0,7.0,1
3.5,52.5,3.5,0,11.0,114.0,9.0,18.0,281.0,18.0,0,0,6.0,162.0,9.0,1
16.5,50.5,16.5,0,17.0,135.0,17.0,33.5,243.5,33.5,0,1,10.0,182.0,10.0,1
19.5,50.5,17.5,0,22.0,135.0,19.0,35.5,243.5,34.5,0,1,12.0,182.0,11.0,1
18.5,50.5,17.5,0,21.0,135.0,22.0,37.5,243.5,38.5,0,1,14.0,182.0,14.0,1
10.0,44.0,10.0,0,21.0,139.0,21.0,4.5,205.5,4.5,0,1,14.5,177.5,14.5,1
15.0,44.0,13.0,0,22.0,139.0,23.0,7.5,205.5,6.5,0,1,16.5,177.5,15.5,1
14.0,44.0,14.0,0,23.0,139.0,24.0,9.5,205.5,7.5,0,1,17.5,177.5,19.5,1
7.5,41.5,7.5,0,8.0,126.0,8.0,30.5,240.5,30.5,0,1,15.0,177.0,15.0,1
11.5,41.5,8.5,0,10.0,126.0,9.0,33.5,240.5,32.5,0,1,16.0,177.0,19.0,1
11.5,41.5,10.5,0,10.0,126.0,12.0,33.5,240.5,32.5,0,1,16.0,177.0,19.0,1
3.5,37.5,3.5,0,4.0,122.0,4.0,48.0,258.0,48.0,0,1,14.5,177.5,14.5,1
5.5,37.5,8.5,0,7.0,122.0,7.0,51.0,258.0,50.0,0,1,15.5,177.5,18.5,1
4.5,37.5,4.5,0,8.0,122.0,8.0,53.0,258.0,51.0,0,1,16.5,177.5,18.5,1
7.5,41.5,7.5,0,6.0,124.0,6.0,29.5,239.5,29.5,0,1,14.5,177.5,14.5,1
12.5,41.5,8.5,0,11.0,124.0,9.0,32.5,239.5,32.5,0,1,17.5,177.5,19.5,1
12.5,41.5,12.5,0,9.0,124.0,10.0,30.5,239.5,33.5,0,1,19.5,177.5,18.5,1
4.0,38.0,4.0,0,1.0,119.0,1.0,0.5,209.5,0.5,0,1,9.5,182.5,9.5,1
9.0,38.0,5.0,0,3.0,119.0,6.0,4.5,209.5,2.5,0,1,14.5,182.5,13.5,1
8.0,38.0,8.0,0,4.0,119.0,5.0,4.5,209.5,3.5,0,1,14.5,182.5,11.5,1
16.5,50.5,16.5,0,6.0,112.0,6.0,6.5,216.5,6.5,0,1,25.0,167.0,25.0,1
20.5,50.5,19.5,0,9.0,112.0,8.0,11.5,216.5,7.5,0,1,27.0,167.0,28.0,1
17.5,50.5,20.5,0,8.0,112.0,10.0,10.5,216.5,11.5,0,1,29.0,167.0,29.0,1
5.0,39.0,5.0,0,0.0,118.0,0.0,16.0,226.0,16.0,0,1,21.5,170.5,21.5,1
6.0,39.0,10.0,0,2.0,118.0,4.0,17.0,226.0,18.0,0,1,24.5,170.5,25.5,1
10.0,39.0,7.0,0,5.0,118.0,3.0,21.0,226.0,21.0,0,1,24.5,170.5,24.5,1
13.0,47.0,13.0,0,16.0,134.0,16.0,15.0,225.0,15.0,0,1,10.5,181.5,10.5,1
17.0,47.0,14.0,0,20.0,134.0,21.0,19.0,225.0,20.0,0,1,11.5,181.5,12.5,1
18.0,47.0,17.0,0,18.0,134.0,21.0,17.0,225.0,18.0,0,1,14.5,181.5,11.5,1
2.5,36.5,2.5,0,10.0,128.0,10.0,5.0,215.0,5.0,0,1,20.0,172.0,20.0,1
4.5,36.5,5.5,0,12.0,128.0,13.0,8.0,215.0,6.0,0,1,24.0,172.0,21.0,1
5.5,36.5,3.5,0,14.0,128.0,15.0,6.0,215.0,9.0,0,1,25.0,172.0,25.0,1
10.5,44.5,10.5,0,7.0,125.0,7.0,66.0,276.0,66.0,0,1,13.0,179.0,13.0,1
13.5,44.5,13.5,0,11.0,125.0,11.0,70.0,276.0,71.0,0,1,15.0,179.0,15.0,1
15.5,44.5,11.5,0,10.0,125.0,11.0,69.0,276.0,71.0,0,1,18.0,179.0,15.0,1
2.5,44.5,2.5,1,4.0,116.0,4.0,45.5,249.5,45.5,0,1,9.5,152.5,9.5,1
3.0,44.0,3.0,1,1.0,111.0,1.0,15.5,219.5,15.5,0,1,5.0,148.0,5.0,1
7.0,44.0,7.0,1,6.0,111.0,2.0,18.5,219.5,20.5,0,1,7.0,148.0,6.0,1
8.0,44.0,5.0,1,3.0,111.0,3.0,16.5,219.5,20.5,0,1,6.0,148.0,6.0,1
1.5,45.5,1.5,1,4.0,116.0,4.0,11.0,215.0,11.0,0,1,13.0,156.0,13.0,1
2.5,44.5,2.5,1,9.0,121.0,9.0,12.0,192.0,12.0,0,1,3.5,146.5,3.5,1
7.5,44.5,4.5,1,10.0,121.0,13.0,14.0,192.0,15.0,0,1,4.5,146.5,5.5,1
1.0,47.0,4.0,1,13.0,121.0,10.0,27.5,228.5,28.5,0,1,20.0,161.0,23.0,1
6.0,41.0,6.0,1,5.0,117.0,5.0,6.0,198.0,6.0,0,1,15.5,158.5,15.5,1
8.0,41.0,7.0,1,7.0,117.0,9.0,11.0,198.0,7.0,0,1,20.5,158.5,17.5,1
11.0,41.0,10.0,1,6.0,117.0,9.0,10.0,198.0,10.0,0,1,19.5,158.5,17.5,1
4.5,42.5,4.5,1,13.0,125.0,13.0,14.5,189.5,14.5,0,1,15.0,158.0,15.0,1
8.5,42.5,6.5,1,15.0,125.0,15.0,17.5,189.5,15.5,0,1,17.0,158.0,17.0,1
4.5,42.5,4.5,1,13.0,125.0,13.0,14.5,189.5,14.5,0,1,15.0,158.0,15.0,1
8.5,42.5,9.5,1,18.0,125.0,17.0,17.5,189.5,19.5,0,1,20.0,158.0,18.0,1
6.5,60.5,6.5,0,4.0,156.0,4.0,38.0,239.0,38.0,0,1,4.5,167.5,4.5,1
8.5,60.5,9.5,0,5.0,156.0,9.0,41.0,239.0,39.0,0,1,9.5,167.5,5.5,1
11.5,60.5,9.5,0,8.0,156.0,7.0,41.0,239.0,39.0,0,1,8.5,167.5,6.5,1
9.0,58.0,9.0,0,9.0,143.0,9.0,3.0,274.0,3.0,0,1,5.0,167.0,5.0,1
12.0,58.0,13.0,0,14.0,143.0,10.0,5.0,274.0,6.0,0,1,9.0,167.0,6.0,1
13.0,58.0,12.0,0,14.0,143.0,12.0,5.0,274.0,5.0,0,1,7.0,167.0,7.0,1
13.0,54.0,13.0,0,13.0,139.0,13.0,14.5,291.5,14.5,0,1,4.5,167.5,4.5,1
15.0,54.0,18.0,0,14.0,139.0,15.0,19.5,291.5,19.5,0,1,7.5,167.5,9.5,1
18.0,54.0,17.0,0,17.0,139.0,16.0,17.5,291.5,17.5,0,1,5.5,167.5,5.5,1
9.0,58.0,9.0,0,11.0,141.0,11.0,4.0,273.0,4.0,0,1,4.5,167.5,4.5,1
14.0,58.0,14.0,0,15.0,141.0,12.0,5.0,273.0,6.0,0,1,6.5,167.5,6.5,1
14.0,58.0,13.0,0,12.0,141.0,15.0,5.0,273.0,7.0,0,1,8.5,167.5,8.5,1
12.5,54.5,12.5,0,16.0,136.0,16.0,34.0,243.0,34.0,0,1,0.5,172.5,0.5,1
17.5,54.5,15.5,0,17.0,136.0,17.0,37.0,243.0,36.0,0,1,1.5,172.5,5.5,1
16.5,54.5,17.5,0,18.0,136.0,18.0,39.0,243.0,38.0,0,1,4.5,172.5,1.5,1
5.0,67.0,4.0,0,25.0,129.0,24.0,32.0,250.0,29.0,0,1,20.0,157.0,20.0,1
5.0,67.0,3.0,0,27.0,129.0,27.0,32.0,250.0,31.0,0,1,16.0,157.0,16.0,1
4.5,71.5,4.5,0,6.0,146.0,6.0,40.0,237.0,40.0,0,1,28.0,144.0,28.0,1
9.5,71.5,8.5,0,9.0,146.0,10.0,42.0,237.0,45.0,0,1,29.0,144.0,32.0,1
5.5,71.5,6.5,0,11.0,146.0,10.0,44.0,237.0,43.0,0,1,33.0,144.0,31.0,1
3.5,63.5,3.5,0,1.0,151.0,1.0,18.5,258.5,18.5,0,1,0.5,171.5,0.5,1
8.5,63.5,8.5,0,3.0,151.0,6.0,21.5,258.5,19.5,0,1,3.5,171.5,3.5,1
6.5,63.5,8.5,0,6.0,151.0,6.0,23.5,258.5,21.5,0,1,2.5,171.5,2.5,1
6.0,61.0,6.0,0,10.0,142.0,10.0,32.5,309.5,32.5,0,1,3.0,169.0,3.0,1
9.0,61.0,10.0,0,14.0,142.0,14.0,37.5,309.5,37.5,0,1,8.0,169.0,8.0,1
7.0,61.0,7.0,0,12.0,142.0,15.0,35.5,309.5,33.5,0,1,7.0,169.0,4.0,1
11.0,63.0,11.0,0,8.0,128.0,8.0,36.5,232.5,36.5,0,0,24.0,145.0,24.0,1
13.0,63.0,14.0,0,9.0,128.0,9.0,39.5,232.5,41.5,0,0,28.0,145.0,27.0,1
0.5,51.5,0.5,0,8.0,128.0,8.0,49.5,245.5,49.5,0,0,6.0,163.0,6.0,1
4.5,51.5,2.5,0,11.0,128.0,13.0,51.5,245.5,53.5,0,0,9.0,163.0,9.0,1
1.5,51.5,1.5,0,12.0,128.0,12.0,52.5,245.5,51.5,0,0,9.0,163.0,7.0,1
11.5,62.5,11.5,0,0.0,120.0,0.0,13.0,282.0,13.0,0,0,18.0,139.0,18.0,1
13.5,62.5,15.5,0,4.0,120.0,4.0,16.0,282.0,16.0,0,0,21.0,139.0,21.0,1
13.5,62.5,15.5,0,5.0,120.0,4.0,15.0,282.0,16.0,0,0,22.0,139.0,23.0,1
4.0,70.0,4.0,0,13.0,133.0,13.0,4.5,273.5,4.5,0,0,15.5,136.5,15.5,1
9.0,70.0,5.0,0,16.0,133.0,17.0,6.5,273.5,9.5,0,0,16.5,136.5,19.5,1
7.0,70.0,8.0,0,14.0,133.0,16.0,7.5,273.5,6.5,0,0,20.5,136.5,19.5,1
2.5,51.5,2.5,0,13.0,147.0,13.0,35.0,236.0,35.0,0,1,0.5,162.5,0.5,1
3.5,51.5,3.5,0,17.0,147.0,14.0,39.0,236.0,39.0,0,1,3.5,162.5,4.5,1
4.5,51.5,3.5,0,14.0,147.0,17.0,37.0,236.0,40.0,0,1,1.5,162.5,4.5,1
6.5,47.5,6.5,0,17.0,143.0,17.0,52.5,253.5,52.5,0,1,0.0,163.0,0.0,1
11.5,47.5,10.5,0,19.0,143.0,19.0,56.5,253.5,53.5,0,1,1.0,163.0,4.0,1
9.5,47.5,9.5,0,20.0,143.0,20.0,54.5,253.5,55.5,0,1,1.0,163.0,5.0,1
2.5,51.5,2.5,0,15.0,145.0,15.0,34.0,235.0,34.0,0,1,0.0,163.0,0.0,1
5.5,51.5,5.5,0,18.0,145.0,16.0,37.0,235.0,36.0,0,1,5.0,163.0,3.0,1
3.5,51.5,5.5,0,19.0,145.0,18.0,37.0,235.0,35.0,0,1,5.0,163.0,2.0,1
6.0,48.0,6.0,0,20.0,140.0,20.0,4.0,205.0,4.0,0,1,5.0,168.0,5.0,1
10.0,48.0,11.0,0,25.0,140.0,21.0,7.0,205.0,8.0,0,1,8.0,168.0,6.0,1
7.0,48.0,9.0,0,25.0,140.0,21.0,6.0,205.0,6.0,0,1,7.0,168.0,7.0,1
6.5,60.5,6.5,0,27.0,133.0,27.0,11.0,212.0,11.0,0,1,10.5,152.5,10.5,1
11.5,60.5,8.5,0,29.0,133.0,31.0,16.0,212.0,14.0,0,1,12.5,152.5,14.5,1
7.5,60.5,7.5,0,32.0,133.0,32.0,15.0,212.0,14.0,0,1,13.5,152.5,13.5,1
11.0,65.0,11.0,0,10.0,150.0,10.0,2.0,199.0,2.0,0,1,23.5,139.5,23.5,1
13.0,65.0,16.0,0,11.0,150.0,15.0,4.0,199.0,5.0,0,1,24.5,139.5,24.5,1
12.0,65.0,12.0,0,11.0,150.0,15.0,3.0,199.0,4.0,0,1,24.5,139.5,25.5,1
5.0,49.0,5.0,0,21.0,139.0,21.0,20.5,221.5,20.5,0,1,7.0,156.0,7.0,1
6.0,49.0,9.0,0,26.0,139.0,26.0,22.5,221.5,21.5,0,1,8.0,156.0,12.0,1
8.0,49.0,10.0,0,23.0,139.0,25.0,22.5,221.5,25.5,0,1,9.0,156.0,11.0,1
3.0,57.0,3.0,0,5.0,155.0,5.0,19.5,220.5,19.5,0,1,4.0,167.0,4.0,1
5.0,57.0,5.0,0,9.0,155.0,10.0,21.5,220.5,23.5,0,1,8.0,167.0,7.0,1
8.0,57.0,8.0,0,9.0,155.0,9.0,22.5,220.5,20.5,0,1,7.0,167.0,6.0,1
7.5,46.5,7.5,0,11.0,149.0,11.0,9.5,210.5,9.5,0,1,5.5,157.5,5.5,1
11.5,46.5,10.5,0,14.0,149.0,12.0,11.5,210.5,12.5,0,1,7.5,157.5,6.5,1
12.5,46.5,12.5,0,13.0,149.0,16.0,13.5,210.5,12.5,0,1,10.5,157.5,6.5,1
0.5,54.5,0.5,0,14.0,146.0,14.0,70.5,271.5,70.5,0,1,1.5,164.5,1.5,1
2.5,54.5,3.5,0,15.0,146.0,18.0,75.5,271.5,71.5,0,1,6.5,164.5,6.5,1
2.5,54.5,5.5,0,18.0,146.0,19.0,73.5,271.5,73.5,0,1,2.5,164.5,3.5,1
4.0,45.0,4.0,0,4.0,130.0,4.0,17.5,288.5,17.5,0,1,0.5,162.5,0.5,1
6.0,45.0,5.0,0,7.0,130.0,5.0,22.5,288.5,19.5,0,1,3.5,162.5,1.5,1
5.0,45.0,8.0,0,6.0,130.0,5.0,20.5,288.5,19.5,0,1,3.5,162.5,2.5,1
4.0,49.0,4.0,0,4.0,132.0,7.0,5.0,270.0,5.0,0,1,1.5,162.5,1.5,1
5.0,49.0,3.0,0,5.0,132.0,3.0,4.0,270.0,3.0,0,1,5.5,162.5,2.5,1
3.5,45.5,3.5,0,7.0,127.0,7.0,31.0,240.0,31.0,0,1,5.5,167.5,5.5,1
5.5,45.5,6.5,0,12.0,127.0,10.0,32.0,240.0,32.0,0,1,8.5,167.5,9.5,1
8.5,45.5,7.5,0,12.0,127.0,10.0,36.0,240.0,34.0,0,1,7.5,167.5,9.5,1
9.0,58.0,9.0,0,14.0,120.0,14.0,24.0,247.0,24.0,0,1,10.0,152.0,10.0,1
14.0,58.0,12.0,0,17.0,120.0,16.0,29.0,247.0,25.0,0,1,14.0,152.0,14.0,1
11.0,58.0,10.0,0,15.0,120.0,16.0,27.0,247.0,25.0,0,1,12.0,152.0,15.0,1
2.5,46.5,2.5,0,8.0,126.0,8.0,14.5,256.5,14.5,0,1,6.5,155.5,6.5,1
5.5,46.5,3.5,0,12.0,126.0,12.0,15.5,256.5,19.5,0,1,8.5,155.5,10.5,1
4.5,46.5,4.5,0,11.0,126.0,12.0,19.5,256.5,19.5,0,1,11.5,155.5,8.5,1
5.5,54.5,5.5,0,8.0,142.0,8.0,15.5,255.5,15.5,0,1,4.5,166.5,4.5,1
9.5,54.5,10.5,0,11.0,142.0,13.0,20.5,255.5,20.5,0,1,5.5,166.5,5.5,1
6.5,54.5,10.5,0,12.0,142.0,11.0,20.5,255.5,19.5,0,1,9.5,166.5,7.5,1
5.0,44.0,5.0,0,2.0,136.0,2.0,25.5,245.5,25.5,0,1,5.0,157.0,5.0,1
8.0,44.0,7.0,0,5.0,136.0,4.0,30.5,245.5,26.5,0,1,10.0,157.0,7.0,1
8.0,44.0,10.0,0,3.0,136.0,7.0,26.5,245.5,26.5,0,1,7.0,157.0,7.0,1
3.0,52.0,3.0,0,1.0,133.0,1.0,35.5,306.5,35.5,0,1,2.0,164.0,2.0,1
4.0,52.0,6.0,0,6.0,133.0,3.0,38.5,306.5,37.5,0,1,6.0,164.0,6.0,1
6.0,52.0,7.0,0,4.0,133.0,4.0,38.5,306.5,38.5,0,1,5.0,164.0,6.0,1
0.5,41.5,0.5,1,5.0,115.0,5.0,30.0,265.0,30.0,0,1,4.5,157.5,4.5,1
1.5,41.5,3.5,1,8.0,115.0,8.0,32.0,265.0,31.0,0,1,9.5,157.5,7.5,1
1.5,41.5,1.5,1,7.0,115.0,9.0,31.0,265.0,33.0,0,1,5.5,157.5,6.5,1
11.0,53.0,11.0,1,4.0,124.0,4.0,16.0,279.0,16.0,0,1,28.5,133.5,28.5,1
14.0,53.0,16.0,1,5.0,124.0,8.0,18.0,279.0,17.0,0,1,33.5,133.5,33.5,1
1.0,43.0,1.0,1,0.0,120.0,0.0,34.5,260.5,34.5,0,1,3.5,165.5,3.5,1
2.0,43.0,6.0,1,5.0,120.0,3.0,39.5,260.5,36.5,0,1,7.5,165.5,6.5,1
3.0,43.0,5.0,1,3.0,120.0,4.0,39.5,260.5,37.5,0,1,7.5,165.5,8.5,1
2.0,42.0,1.0,1,6.0,125.0,7.0,61.5,237.5,58.5,0,1,11.0,156.0,10.0,1
3.0,42.0,1.0,1,7.0,125.0,10.0,62.5,237.5,62.5,0,1,11.0,156.0,11.0,1
2.5,44.5,2.5,1,5.0,125.0,5.0,21.0,274.0,21.0,0,1,8.5,170.5,8.5,1
5.5,44.5,7.5,1,8.0,125.0,9.0,22.0,274.0,23.0,0,1,13.5,170.5,11.5,1
6.5,44.5,7.5,1,7.0,125.0,7.0,22.0,274.0,22.0,0,1,10.5,170.5,9.5,1
3.5,38.5,3.5,1,1.0,121.0,1.0,51.5,243.5,51.5,0,1,6.0,168.0,6.0,1
8.5,38.5,6.5,1,2.0,121.0,5.0,55.5,243.5,55.5,0,1,10.0,168.0,10.0,1
6.5,38.5,5.5,1,2.0,121.0,4.0,53.5,243.5,55.5,0,1,8.0,168.0,11.0,1
0.5,41.5,0.5,1,0.0,120.0,0.0,69.0,226.0,69.0,0,1,10.0,172.0,10.0,1
3.5,41.5,1.5,1,4.0,120.0,2.0,70.0,226.0,70.0,0,1,12.0,172.0,13.0,1
2.0,40.0,2.0,1,9.0,129.0,9.0,60.0,235.0,60.0,0,1,5.5,167.5,5.5,1
4.0,40.0,7.0,1,12.0,129.0,14.0,61.0,235.0,63.0,0,1,6.5,167.5,7.5,1
3.0,40.0,7.0,1,11.0,129.0,12.0,62.0,235.0,65.0,0,1,8.5,167.5,6.5,1
2.0,40.0,2.0,1,9.0,129.0,9.0,60.0,235.0,60.0,0,1,5.5,167.5,5.5,1
7.0,40.0,6.0,1,14.0,129.0,10.0,63.0,235.0,62.0,0,1,8.5,167.5,6.5,1
3.0,40.0,7.0,1,14.0,129.0,10.0,65.0,235.0,62.0,0,1,9.5,167.5,9.5,1
1.5,42.5,1.5,1,5.0,115.0,5.0,4.5,230.5,4.5,0,1,8.0,161.0,8.0,1
0.5,41.5,0.5,1,10.0,120.0,10.0,27.5,207.5,27.5,0,1,1.5,151.5,1.5,1
4.5,41.5,4.5,1,12.0,120.0,14.0,31.5,207.5,29.5,0,1,2.5,151.5,3.5,1
5.5,41.5,5.5,1,11.0,120.0,12.0,28.5,207.5,31.5,0,1,5.5,151.5,3.5,1
3.0,44.0,3.0,1,10.0,120.0,10.0,9.0,244.0,9.0,0,1,13.0,166.0,13.0,1
3.0,38.0,3.0,1,6.0,116.0,6.0,21.5,213.5,21.5,0,1,10.5,163.5,10.5,1
8.0,38.0,4.0,1,11.0,116.0,10.0,22.5,213.5,22.5,0,1,15.5,163.5,15.5,1
4.0,38.0,6.0,1,9.0,116.0,10.0,23.5,213.5,22.5,0,1,11.5,163.5,12.5,1
2.0,41.0,2.0,1,10.0,115.0,8.0,41.0,196.0,40.0,0,1,16.5,167.5,18.5,1
1.5,39.5,1.5,1,14.0,124.0,14.0,30.0,205.0,30.0,0,1,10.0,163.0,10.0,1
3.5,39.5,5.5,1,16.0,124.0,15.0,31.0,205.0,31.0,0,1,13.0,163.0,15.0,1
5.5,39.5,3.5,1,15.0,124.0,18.0,35.0,205.0,31.0,0,1,13.0,163.0,12.0,1
1.5,39.5,1.5,1,14.0,124.0,14.0,30.0,205.0,30.0,0,1,10.0,163.0,10.0,1
4.5,39.5,3.5,1,19.0,124.0,16.0,35.0,205.0,33.0,0,1,13.0,163.0,11.0,1
3.5,39.5,5.5,1,19.0,124.0,17.0,34.0,205.0,35.0,0,1,14.0,163.0,12.0,1
4.0,45.0,4.0,0,2.0,128.0,2.0,18.5,287.5,18.5,0,1,0.0,163.0,0.0,1
5.0,45.0,6.0,0,3.0,128.0,5.0,22.5,287.5,23.5,0,1,2.0,163.0,5.0,1
7.0,45.0,7.0,0,7.0,128.0,3.0,22.5,287.5,20.5,0,1,2.0,163.0,4.0,1
0.5,41.5,0.5,0,3.0,123.0,3.0,48.5,257.5,48.5,0,1,5.0,168.0,5.0,1
1.5,41.5,2.5,0,5.0,123.0,5.0,52.5,257.5,52.5,0,1,9.0,168.0,6.0,1
1.5,41.5,1.5,0,8.0,123.0,4.0,49.5,257.5,53.5,0,1,10.0,168.0,6.0,1
13.0,54.0,13.0,0,10.0,116.0,10.0,41.5,264.5,41.5,0,1,10.5,152.5,10.5,1
16.0,54.0,14.0,0,12.0,116.0,12.0,43.5,264.5,45.5,0,1,11.5,152.5,15.5,1
17.0,54.0,15.0,0,11.0,116.0,14.0,42.5,264.5,42.5,0,1,12.5,152.5,13.5,1
1.5,42.5,1.5,0,4.0,122.0,4.0,32.0,274.0,32.0,0,1,7.0,156.0,7.0,1
3.5,42.5,2.5,0,7.0,122.0,6.0,35.0,274.0,36.0,0,1,10.0,156.0,11.0,1
2.5,42.5,4.5,0,8.0,122.0,7.0,33.0,274.0,37.0,0,1,8.0,156.0,8.0,1
9.5,50.5,9.5,0,12.0,138.0,12.0,33.0,273.0,33.0,0,1,4.0,167.0,4.0,1
12.5,50.5,10.5,0,14.0,138.0,14.0,36.0,273.0,35.0,0,1,7.0,167.0,8.0,1
10.5,50.5,10.5,0,17.0,138.0,17.0,35.0,273.0,38.0,0,1,6.0,167.0,5.0,1
1.0,40.0,1.0,0,6.0,132.0,6.0,43.0,263.0,43.0,0,1,5.5,157.5,5.5,1
5.0,40.0,4.0,0,7.0,132.0,11.0,44.0,263.0,48.0,0,1,7.5,157.5,7.5,1
6.0,40.0,5.0,0,11.0,132.0,7.0,44.0,263.0,47.0,0,1,6.5,157.5,10.5,1
7.0,48.0,7.0,0,3.0,129.0,3.0,18.0,324.0,18.0,0,1,1.5,164.5,1.5,1
11.0,48.0,9.0,0,4.0,129.0,8.0,19.0,324.0,19.0,0,1,2.5,164.5,5.5,1
11.0,48.0,9.0,0,8.0,129.0,8.0,20.0,324.0,19.0,0,1,2.5,164.5,6.5,1
3.5,45.5,3.5,0,5.0,125.0,5.0,30.0,239.0,30.0,0,1,5.0,168.0,5.0,1
4.5,45.5,7.5,0,8.0,125.0,9.0,33.0,239.0,33.0,0,1,10.0,168.0,6.0,1
8.5,45.5,8.5,0,10.0,125.0,8.0,35.0,239.0,35.0,0,1,10.0,168.0,8.0,1
9.0,58.0,9.0,0,12.0,118.0,12.0,23.0,246.0,23.0,0,1,10.5,152.5,10.5,1
14.0,58.0,14.0,0,15.0,118.0,17.0,27.0,246.0,26.0,0,1,15.5,152.5,14.5,1
14.0,58.0,12.0,0,15.0,118.0,13.0,27.0,246.0,26.0,0,1,11.5,152.5,15.5,1
2.5,46.5,2.5,0,6.0,124.0,6.0,13.5,255.5,13.5,0,1,7.0,156.0,7.0,1
4.5,46.5,5.5,0,7.0,124.0,9.0,17.5,255.5,14.5,0,1,10.0,156.0,12.0,1
7.5,46.5,3.5,0,7.0,124.0,10.0,15.5,255.5,17.5,0,1,10.0,156.0,10.0,1
5.5,54.5,5.5,0,10.0,140.0,10.0,14.5,254.5,14.5,0,1,4.0,167.0,4.0,1
6.5,54.5,7.5,0,12.0,140.0,12.0,15.5,254.5,18.5,0,1,7.0,167.0,8.0,1
7.5,54.5,6.5,0,11.0,140.0,15.0,17.5,254.5,15.5,0,1,5.0,167.0,8.0,1
5.0,44.0,5.0,0,4.0,134.0,4.0,24.5,244.5,24.5,0,1,5.5,157.5,5.5,1
9.0,44.0,7.0,0,5.0,134.0,5.0,28.5,244.5,28.5,0,1,10.5,157.5,8.5,1
6.0,44.0,9.0,0,7.0,134.0,6.0,25.5,244.5,25.5,0,1,9.5,157.5,8.5,1
3.0,52.0,3.0,0,1.0,131.0,1.0,36.5,305.5,36.5,0,1,1.5,164.5,1.5,1
7.0,52.0,6.0,0,2.0,131.0,5.0,38.5,305.5,40.5,0,1,5.5,164.5,3.5,1
6.0,52.0,4.0,0,2.0,131.0,3.0,41.5,305.5,38.5,0,1,2.5,164.5,4.5,1
7.5,58.5,7.5,0,13.0,133.0,13.0,8.5,286.5,8.5,0,0,2.5,154.5,2.5,1
12.5,58.5,10.5,0,17.0,133.0,14.0,11.5,286.5,11.5,0,0,6.5,154.5,6.5,1
11.5,58.5,10.5,0,17.0,133.0,15.0,10.5,286.5,12.5,0,0,4.5,154.5,5.5,1
12.5,54.5,12.5,0,7.0,113.0,7.0,7.0,216.0,7.0,0,1,15.5,157.5,15.5,1
14.5,54.5,15.5,0,12.0,113.0,9.0,9.0,216.0,11.0,0,1,19.5,157.5,18.5,1
15.5,54.5,14.5,0,10.0,113.0,12.0,12.0,216.0,11.0,0,1,17.5,157.5,16.5,1
1.0,43.0,1.0,0,1.0,119.0,1.0,16.5,225.5,16.5,0,1,12.0,161.0,12.0,1
3.0,43.0,3.0,0,6.0,119.0,5.0,18.5,225.5,20.5,0,1,13.0,161.0,16.0,1
5.0,43.0,5.0,0,5.0,119.0,5.0,19.5,225.5,20.5,0,1,14.0,161.0,17.0,1
9.0,51.0,9.0,0,15.0,135.0,15.0,15.5,224.5,15.5,0,1,1.0,172.0,1.0,1
13.0,51.0,10.0,0,19.0,135.0,18.0,20.5,224.5,20.5,0,1,5.0,172.0,3.0,1
12.0,51.0,12.0,0,20.0,135.0,16.0,18.5,224.5,16.5,0,1,4.0,172.0,2.0,1
1.5,40.5,1.5,0,9.0,129.0,9.0,5.5,214.5,5.5,0,1,10.5,162.5,10.5,1
3.5,40.5,6.5,0,14.0,129.0,12.0,8.5,214.5,8.5,0,1,14.5,162.5,15.5,1
5.5,40.5,5.5,0,14.0,129.0,11.0,10.5,214.5,10.5,0,1,11.5,162.5,13.5,1
6.5,48.5,6.5,0,6.0,126.0,6.0,66.5,275.5,66.5,0,1,3.5,169.5,3.5,1
8.5,48.5,9.5,0,7.0,126.0,8.0,69.5,275.5,70.5,0,1,4.5,169.5,4.5,1
10.5,48.5,9.5,0,11.0,126.0,8.0,69.5,275.5,70.5,0,1,4.5,169.5,4.5,1
4.5,71.5,4.5,0,17.0,123.0,17.0,13.0,210.0,13.0,0,1,13.0,129.0,13.0,1
9.5,71.5,7.5,0,22.0,123.0,21.0,15.0,210.0,14.0,0,1,18.0,129.0,16.0,1
11.5,55.5,11.5,0,6.0,112.0,6.0,9.5,232.5,9.5,0,1,3.5,145.5,3.5,1
16.5,55.5,16.5,0,10.0,112.0,10.0,10.5,232.5,11.5,0,1,6.5,145.5,5.5,1
15.5,55.5,12.5,0,10.0,112.0,8.0,12.5,232.5,12.5,0,1,5.5,145.5,4.5,1
3.5,63.5,3.5,0,22.0,128.0,22.0,8.5,231.5,8.5,0,1,14.5,156.5,14.5,1
14.0,53.0,14.0,0,16.0,122.0,16.0,1.5,221.5,1.5,0,1,5.0,147.0,5.0,1
17.0,53.0,15.0,0,17.0,122.0,19.0,2.5,221.5,6.5,0,1,7.0,147.0,9.0,1
18.0,53.0,19.0,0,20.0,122.0,17.0,6.5,221.5,4.5,0,1,6.0,147.0,10.0,1
6.0,61.0,6.0,0,13.0,119.0,13.0,59.5,282.5,59.5,0,1,12.0,154.0,12.0,1
8.0,68.0,8.0,0,5.0,145.0,5.0,21.5,218.5,21.5,0,1,27.5,143.5,27.5,1
9.0,68.0,10.0,0,6.0,145.0,10.0,24.5,218.5,25.5,0,1,31.5,143.5,31.5,1
18.5,57.5,18.5,0,1.0,139.0,1.0,11.5,208.5,11.5,0,1,18.0,134.0,18.0,1
21.5,57.5,22.5,0,2.0,139.0,6.0,15.5,208.5,12.5,0,1,20.0,134.0,21.0,1
20.5,57.5,23.5,0,6.0,139.0,3.0,13.5,208.5,15.5,0,1,22.0,134.0,22.0,1
2.0,68.0,2.0,1,2.0,158.0,2.0,8.5,236.5,8.5,0,0,2.5,140.5,2.5,1
4.0,68.0,5.0,1,3.0,158.0,4.0,12.5,236.5,11.5,0,0,7.5,140.5,5.5,1
7.0,68.0,3.0,1,7.0,158.0,6.0,11.5,236.5,13.5,0,0,6.5,140.5,6.5,1
3.0,67.0,3.0,1,7.0,163.0,7.0,9.0,236.0,9.0,0,0,6.0,149.0,6.0,1
7.0,67.0,4.0,1,9.0,163.0,8.0,14.0,236.0,11.0,0,0,10.0,149.0,8.0,1
5.0,67.0,4.0,1,11.0,163.0,12.0,10.0,236.0,13.0,0,0,9.0,149.0,8.0,1
7.0,63.0,7.0,1,13.0,143.0,13.0,12.0,233.0,12.0,0,0,10.0,153.0,10.0,1
8.0,52.0,8.0,0,16.0,134.0,16.0,1.0,241.0,1.0,0,1,11.0,160.0,11.0,1
9.0,52.0,12.0,0,18.0,134.0,18.0,6.0,241.0,2.0,0,1,15.0,160.0,15.0,1
9.0,52.0,10.0,0,17.0,134.0,19.0,4.0,241.0,2.0,0,1,14.0,160.0,12.0,1
2.5,41.5,2.5,0,10.0,128.0,10.0,11.0,231.0,11.0,0,1,1.5,150.5,1.5,1
5.5,41.5,7.5,0,15.0,128.0,15.0,13.0,231.0,12.0,0,1,6.5,150.5,4.5,1
4.5,41.5,5.5,0,14.0,128.0,11.0,16.0,231.0,14.0,0,1,3.5,150.5,4.5,1
5.5,49.5,5.5,0,7.0,125.0,7.0,50.0,292.0,50.0,0,1,8.5,157.5,8.5,1
6.5,49.5,10.5,0,11.0,125.0,10.0,52.0,292.0,52.0,0,1,13.5,157.5,10.5,1
8.5,49.5,6.5,0,12.0,125.0,10.0,52.0,292.0,52.0,0,1,10.5,157.5,10.5,1
10.5,49.5,10.5,0,6.0,144.0,6.0,10.0,230.0,10.0,0,1,9.5,161.5,9.5,1
11.5,49.5,13.5,0,8.0,144.0,11.0,15.0,230.0,13.0,0,1,12.5,161.5,11.5,1
2.5,57.5,2.5,0,9.0,141.0,9.0,51.0,291.0,51.0,0,1,2.5,168.5,2.5,1
5.5,57.5,4.5,0,13.0,141.0,11.0,52.0,291.0,54.0,0,1,4.5,168.5,3.5,1
5.5,57.5,7.5,0,14.0,141.0,11.0,56.0,291.0,55.0,0,1,7.5,168.5,4.5,1
1.0,43.0,1.0,1,5.0,125.0,5.0,23.0,203.0,23.0,0,1,9.5,159.5,9.5,1
6.0,43.0,6.0,1,9.0,125.0,8.0,27.0,203.0,26.0,0,1,12.5,159.5,12.5,1
3.0,43.0,3.0,1,6.0,125.0,9.0,26.0,203.0,25.0,0,1,13.5,159.5,12.5,1
1.5,45.5,1.5,1,5.0,125.0,5.0,13.5,239.5,13.5,0,1,5.0,174.0,5.0,1
6.5,45.5,5.5,1,9.0,125.0,10.0,14.5,239.5,15.5,0,1,6.0,174.0,9.0,1
4.5,45.5,4.5,1,6.0,125.0,8.0,17.5,239.5,17.5,0,1,7.0,174.0,6.0,1
4.5,39.5,4.5,1,1.0,121.0,1.0,17.0,209.0,17.0,0,1,2.5,171.5,2.5,1
5.5,39.5,5.5,1,6.0,121.0,6.0,20.0,209.0,18.0,0,1,4.5,171.5,4.5,1
6.5,39.5,9.5,1,6.0,121.0,4.0,21.0,209.0,20.0,0,1,4.5,171.5,4.5,1
1.5,42.5,1.5,1,0.0,120.0,0.0,34.5,191.5,34.5,0,1,6.5,175.5,6.5,1
3.0,41.0,3.0,1,9.0,129.0,9.0,25.5,200.5,25.5,0,1,2.0,171.0,2.0,1
7.0,41.0,7.0,1,13.0,129.0,11.0,29.5,200.5,29.5,0,1,3.0,171.0,5.0,1
4.0,41.0,4.0,1,13.0,129.0,13.0,30.5,200.5,30.5,0,1,6.0,171.0,7.0,1
3.0,41.0,3.0,1,9.0,129.0,9.0,25.5,200.5,25.5,0,1,2.0,171.0,2.0,1
5.0,41.0,6.0,1,10.0,129.0,11.0,29.5,200.5,26.5,0,1,3.0,171.0,7.0,1
4.0,41.0,8.0,1,13.0,129.0,11.0,29.5,200.5,26.5,0,1,3.0,171.0,6.0,1
2.5,44.5,2.5,1,0.0,130.0,0.0,36.5,216.5,36.5,0,1,14.5,164.5,14.5,1
3.5,44.5,7.5,1,3.0,130.0,4.0,38.5,216.5,41.5,0,1,17.5,164.5,15.5,1
3.5,44.5,5.5,1,3.0,130.0,1.0,38.5,216.5,39.5,0,1,18.5,164.5,15.5,1
3.5,38.5,3.5,1,4.0,126.0,4.0,6.0,186.0,6.0,0,1,12.0,162.0,12.0,1
6.5,38.5,5.5,1,8.0,126.0,6.0,10.0,186.0,11.0,0,1,14.0,162.0,14.0,1
6.5,38.5,4.5,1,9.0,126.0,8.0,10.0,186.0,8.0,0,1,16.0,162.0,17.0,1
0.5,41.5,0.5,1,5.0,125.0,5.0,11.5,168.5,11.5,0,1,16.0,166.0,16.0,1
5.5,41.5,3.5,1,10.0,125.0,6.0,12.5,168.5,15.5,0,1,17.0,166.0,21.0,1
1.5,41.5,5.5,1,6.0,125.0,9.0,13.5,168.5,13.5,0,1,21.0,166.0,19.0,1
2.0,40.0,2.0,1,4.0,134.0,4.0,2.5,177.5,2.5,0,1,11.5,161.5,11.5,1
3.0,40.0,5.0,1,7.0,134.0,9.0,5.5,177.5,4.5,0,1,15.5,161.5,15.5,1
5.0,40.0,6.0,1,6.0,134.0,5.0,3.5,177.5,7.5,0,1,12.5,161.5,14.5,1
2.0,40.0,2.0,1,4.0,134.0,4.0,2.5,177.5,2.5,0,1,11.5,161.5,11.5,1
6.0,40.0,6.0,1,5.0,134.0,9.0,3.5,177.5,6.5,0,1,16.5,161.5,13.5,1
3.0,40.0,6.0,1,9.0,134.0,6.0,4.5,177.5,7.5,0,1,16.5,161.5,14.5,1
1.0,65.0,1.0,1,5.0,165.0,5.0,0.5,227.5,0.5,0,0,8.5,146.5,8.5,1
3.0,65.0,6.0,1,10.0,165.0,9.0,1.5,227.5,3.5,0,0,13.5,146.5,13.5,1
2.0,65.0,3.0,1,8.0,165.0,6.0,4.5,227.5,2.5,0,0,12.5,146.5,13.5,1
5.0,61.0,5.0,1,15.0,145.0,15.0,3.5,224.5,3.5,0,0,12.5,150.5,12.5,1
4.0,60.0,4.0,1,20.0,150.0,20.0,3.0,224.0,3.0,0,0,4.0,159.0,4.0,1
8.0,60.0,6.0,1,21.0,150.0,24.0,4.0,224.0,5.0,0,0,5.0,159.0,5.0,1
8.0,47.0,8.0,0,3.0,135.0,3.0,61.0,281.0,61.0,0,1,7.0,159.0,7.0,1
10.0,47.0,13.0,0,8.0,135.0,8.0,64.0,281.0,62.0,0,1,9.0,159.0,8.0,1
13.0,47.0,13.0,0,8.0,135.0,6.0,63.0,281.0,62.0,0,1,12.0,159.0,10.0,1
6.0,41.0,6.0,1,4.0,126.0,4.0,30.5,222.5,30.5,0,1,2.5,176.5,2.5,1
7.0,41.0,11.0,1,6.0,126.0,9.0,32.5,222.5,31.5,0,1,4.5,176.5,3.5,1
3.0,44.0,3.0,1,5.0,125.0,5.0,48.0,205.0,48.0,0,1,1.5,180.5,1.5,1
4.5,42.5,4.5,1,4.0,134.0,4.0,39.0,214.0,39.0,0,1,3.0,176.0,3.0,1
8.5,42.5,5.5,1,6.0,134.0,6.0,41.0,214.0,41.0,0,1,8.0,176.0,8.0,1
7.5,42.5,8.5,1,5.0,134.0,8.0,42.0,214.0,40.0,0,1,6.0,176.0,6.0,1
4.5,42.5,4.5,1,4.0,134.0,4.0,39.0,214.0,39.0,0,1,3.0,176.0,3.0,1
7.5,42.5,8.5,1,8.0,134.0,5.0,42.0,214.0,43.0,0,1,8.0,176.0,7.0,1
8.5,42.5,7.5,1,6.0,134.0,9.0,41.0,214.0,40.0,0,1,5.0,176.0,8.0,1
3.0,38.0,3.0,1,1.0,121.0,1.0,17.5,174.5,17.5,0,1,4.0,178.0,4.0,1
7.0,38.0,5.0,1,5.0,121.0,6.0,18.5,174.5,18.5,0,1,6.0,178.0,8.0,1
5.0,38.0,4.0,1,2.0,121.0,2.0,19.5,174.5,21.5,0,1,6.0,178.0,9.0,1
1.5,36.5,1.5,1,8.0,130.0,8.0,8.5,183.5,8.5,0,1,0.5,173.5,0.5,1
5.5,36.5,6.5,1,11.0,130.0,13.0,10.5,183.5,12.5,0,1,3.5,173.5,3.5,1
2.5,36.5,4.5,1,9.0,130.0,12.0,11.5,183.5,9.5,0,1,1.5,173.5,4.5,1
1.5,36.5,1.5,1,8.0,130.0,8.0,8.5,183.5,8.5,0,1,0.5,173.5,0.5,1
3.5,36.5,4.5,1,13.0,130.0,12.0,9.5,183.5,9.5,0,1,4.5,173.5,1.5,1
5.5,36.5,3.5,1,11.0,130.0,12.0,10.5,183.5,11.5,0,1,4.5,173.5,1.5,1
1.5,39.5,1.5,1,9.0,129.0,9.0,9.0,166.0,9.0,0,1,4.5,177.5,4.5,1
3.5,39.5,2.5,1,14.0,129.0,12.0,11.0,166.0,12.0,0,1,7.5,177.5,9.5,1
4.5,39.5,3.5,1,11.0,129.0,14.0,13.0,166.0,10.0,0,1,9.5,177.5,7.5,1
1.5,39.5,1.5,1,9.0,129.0,9.0,9.0,166.0,9.0,0,1,4.5,177.5,4.5,1
2.5,39.5,5.5,1,12.0,129.0,10.0,11.0,166.0,10.0,0,1,7.5,177.5,9.5,1
5.5,39.5,4.5,1,14.0,129.0,11.0,11.0,166.0,12.0,0,1,5.5,177.5,7.5,1
4.0,38.0,2.0,1,4.0,138.0,1.0,4.0,175.0,3.0,0,1,1.0,173.0,3.0,1
5.0,38.0,2.0,1,4.0,138.0,3.0,5.0,175.0,3.0,0,1,4.0,173.0,5.0,1