2.5,40.5,2.5,1,4.0,134.0,4.0,70.0,245.0,70.0,0,1,5.5,167.5,5.5,1
6.5,40.5,6.5,1,9.0,134.0,9.0,72.0,245.0,74.0,0,1,10.5,167.5,8.5,1
5.5,40.5,5.5,1,8.0,134.0,6.0,74.0,245.0,75.0,0,1,9.5,167.5,6.5,1
2.5,40.5,2.5,1,4.0,134.0,4.0,70.0,245.0,70.0,0,1,5.5,167.5,5.5,1
5.5,40.5,7.5,1,7.0,134.0,7.0,73.0,245.0,72.0,0,1,8.5,167.5,10.5,1
4.5,40.5,7.5,1,5.0,134.0,9.0,74.0,245.0,73.0,0,1,7.5,167.5,8.5,1
8.5,50.5,8.5,1,15.0,163.0,15.0,13.0,257.0,13.0,0,0,16.5,161.5,16.5,1
9.5,50.5,10.5,1,18.0,163.0,18.0,17.0,257.0,15.0,0,0,18.5,161.5,19.5,1
13.5,50.5,12.5,1,17.0,163.0,17.0,15.0,257.0,15.0,0,0,20.5,161.5,21.5,1
0.5,41.5,0.5,1,9.0,139.0,9.0,15.0,229.0,15.0,0,0,5.0,173.0,5.0,1
4.5,41.5,5.5,1,14.0,139.0,11.0,17.0,229.0,19.0,0,0,8.0,173.0,6.0,1
1.5,41.5,2.5,1,12.0,139.0,14.0,20.0,229.0,18.0,0,0,8.0,173.0,6.0,1
7.0,49.0,7.0,1,14.0,134.0,14.0,25.5,218.5,25.5,0,0,8.0,170.0,8.0,1
8.5,50.5,8.5,1,5.0,143.0,5.0,13.5,257.5,13.5,0,0,2.0,180.0,2.0,1
10.5,50.5,9.5,1,9.0,143.0,10.0,16.5,257.5,14.5,0,0,3.0,180.0,7.0,1
13.5,50.5,11.5,1,8.0,143.0,8.0,14.5,257.5,17.5,0,0,4.0,180.0,6.0,1
14.0,56.0,14.0,1,4.0,152.0,4.0,0.5,244.5,0.5,0,0,17.5,160.5,17.5,1
17.0,56.0,19.0,1,8.0,152.0,8.0,4.5,244.5,1.5,0,0,19.5,160.5,20.5,1
18.0,56.0,15.0,1,7.0,152.0,5.0,2.5,244.5,4.5,0,0,21.5,160.5,21.5,1
7.0,49.0,7.0,1,9.0,139.0,9.0,11.5,232.5,11.5,0,0,7.5,170.5,7.5,1
8.0,49.0,11.0,1,13.0,139.0,14.0,14.5,232.5,14.5,0,0,11.5,170.5,9.5,1
8.0,49.0,11.0,1,11.0,139.0,11.0,12.5,232.5,12.5,0,0,12.5,170.5,9.5,1
1.5,57.5,1.5,1,29.0,149.0,29.0,38.5,231.5,38.5,0,0,8.5,153.5,8.5,1
4.0,59.0,4.0,1,21.0,158.0,22.0,3.5,270.5,1.5,0,0,20.5,163.5,22.5,1
2.0,59.0,1.0,1,23.0,158.0,24.0,2.5,270.5,4.5,0,0,20.5,163.5,21.5,1
5.5,64.5,5.5,1,11.0,167.0,11.0,12.5,257.5,12.5,0,0,1.0,144.0,1.0,1
6.5,64.5,7.5,1,16.0,167.0,13.0,16.5,257.5,13.5,0,0,3.0,144.0,3.0,1
10.5,64.5,10.5,1,14.0,167.0,14.0,16.5,257.5,15.5,0,0,2.0,144.0,4.0,1
3.5,62.5,3.5,1,9.0,169.0,9.0,21.0,249.0,21.0,0,0,3.5,141.5,3.5,1
4.5,62.5,4.5,1,11.0,169.0,12.0,23.0,249.0,22.0,0,0,7.5,141.5,7.5,1
5.5,62.5,5.5,1,12.0,169.0,14.0,22.0,249.0,22.0,0,0,8.5,141.5,4.5,1
2.5,61.5,2.5,1,4.0,174.0,4.0,21.5,248.5,21.5,0,0,5.0,150.0,5.0,1
7.5,61.5,5.5,1,7.0,174.0,7.0,23.5,248.5,26.5,0,0,6.0,150.0,10.0,1
6.5,61.5,6.5,1,7.0,174.0,7.0,22.5,248.5,22.5,0,0,10.0,150.0,10.0,1
1.5,57.5,1.5,1,24.0,154.0,24.0,24.5,245.5,24.5,0,0,9.0,154.0,9.0,1
6.5,56.5,6.5,0,10.0,130.0,10.0,24.5,219.5,24.5,0,1,8.5,170.5,8.5,1
10.5,56.5,10.5,0,12.0,130.0,12.0,25.5,219.5,27.5,0,1,9.5,170.5,13.5,1
8.5,56.5,9.5,0,13.0,130.0,12.0,25.5,219.5,26.5,0,1,9.5,170.5,12.5,1
0.5,63.5,0.5,0,20.0,160.0,20.0,65.0,260.0,65.0,0,1,12.5,166.5,12.5,1
0.5,63.5,0.5,0,0.0,140.0,0.0,59.0,254.0,59.0,0,1,23.0,156.0,23.0,1
2.5,63.5,3.5,0,4.0,140.0,3.0,62.0,254.0,60.0,0,1,24.0,156.0,27.0,1
4.5,63.5,5.5,0,1.0,140.0,4.0,63.0,254.0,64.0,0,1,24.0,156.0,27.0,1
13.0,50.0,13.0,0,10.0,130.0,10.0,10.0,205.0,10.0,0,1,4.5,174.5,4.5,1
16.0,50.0,15.0,0,11.0,130.0,13.0,15.0,205.0,13.0,0,1,8.5,174.5,9.5,1
15.0,50.0,16.0,0,13.0,130.0,11.0,13.0,205.0,14.0,0,1,7.5,174.5,5.5,1
8.5,54.5,8.5,0,17.5,122.5,17.5,4.5,199.5,4.5,0,1,3.5,175.5,3.5,1
11.5,54.5,9.5,0,18.5,122.5,21.5,7.5,199.5,8.5,0,1,7.5,175.5,5.5,1
13.5,54.5,9.5,0,19.5,122.5,21.5,8.5,199.5,9.5,0,1,6.5,175.5,6.5,1
0.5,63.5,0.5,0,5.0,135.0,5.0,54.0,249.0,54.0,0,1,28.5,150.5,28.5,1
5.5,63.5,2.5,0,8.0,135.0,9.0,55.0,249.0,55.0,0,1,32.5,150.5,32.5,1
2.5,63.5,3.5,0,9.0,135.0,10.0,59.0,249.0,57.0,0,1,30.5,150.5,29.5,1
14.5,48.5,14.5,0,11.0,129.0,11.0,7.5,202.5,7.5,0,1,6.5,185.5,6.5,1
15.5,48.5,19.5,0,12.0,129.0,14.0,11.5,202.5,9.5,0,1,10.5,185.5,7.5,1
16.5,48.5,17.5,0,12.0,129.0,16.0,9.5,202.5,8.5,0,1,11.5,185.5,7.5,1
2.0,65.0,2.0,0,6.0,146.0,6.0,41.0,236.0,41.0,0,1,3.5,175.5,3.5,1
3.0,65.0,6.0,0,10.0,146.0,11.0,44.0,236.0,45.0,0,1,7.5,175.5,7.5,1
5.0,65.0,4.0,0,7.0,146.0,7.0,45.0,236.0,44.0,0,1,8.5,175.5,5.5,1
4.5,58.5,4.5,0,10.0,150.0,10.0,3.0,198.0,3.0,0,1,8.0,171.0,8.0,1
6.5,58.5,7.5,0,13.0,150.0,14.0,5.0,198.0,7.0,0,1,13.0,171.0,9.0,1
6.5,58.5,7.5,0,15.0,150.0,11.0,8.0,198.0,4.0,0,1,11.0,171.0,13.0,1
7.0,56.0,7.0,0,3.0,137.0,3.0,38.0,233.0,38.0,0,1,8.5,170.5,8.5,1
12.0,56.0,10.0,0,4.0,137.0,8.0,39.0,233.0,39.0,0,1,13.5,170.5,9.5,1
12.0,56.0,10.0,0,7.0,137.0,4.0,39.0,233.0,39.0,0,1,9.5,170.5,13.5,1
11.0,52.0,11.0,0,7.0,133.0,7.0,55.5,250.5,55.5,0,1,8.0,171.0,8.0,1
15.0,52.0,13.0,0,9.0,133.0,11.0,56.5,250.5,59.5,0,1,12.0,171.0,12.0,1
15.0,52.0,13.0,0,11.0,133.0,8.0,59.5,250.5,59.5,0,1,13.0,171.0,12.0,1
7.0,56.0,7.0,0,5.0,135.0,5.0,37.0,232.0,37.0,0,1,8.0,171.0,8.0,1
8.0,56.0,9.0,0,7.0,135.0,8.0,40.0,232.0,42.0,0,1,10.0,171.0,12.0,1
12.0,56.0,9.0,0,9.0,135.0,9.0,41.0,232.0,38.0,0,1,9.0,171.0,10.0,1
10.5,52.5,10.5,0,10.0,130.0,10.0,7.0,202.0,7.0,0,1,3.0,176.0,3.0,1
15.5,52.5,11.5,0,12.0,130.0,11.0,11.0,202.0,12.0,0,1,8.0,176.0,6.0,1
11.5,52.5,15.5,0,12.0,130.0,14.0,8.0,202.0,10.0,0,1,6.0,176.0,8.0,1
2.0,65.0,2.0,0,17.0,123.0,17.0,14.0,209.0,14.0,0,1,18.5,160.5,18.5,1
7.0,65.0,6.0,0,19.0,123.0,22.0,19.0,209.0,18.0,0,1,20.5,160.5,22.5,1
6.0,65.0,7.0,0,21.0,123.0,22.0,17.0,209.0,16.0,0,1,20.5,160.5,20.5,1
6.5,69.5,6.5,0,0.0,140.0,0.0,1.0,196.0,1.0,0,1,31.5,147.5,31.5,1
10.5,69.5,9.5,0,1.0,140.0,3.0,6.0,196.0,5.0,0,1,36.5,147.5,32.5,1
8.5,69.5,11.5,0,4.0,140.0,5.0,3.0,196.0,2.0,0,1,32.5,147.5,32.5,1
9.5,53.5,9.5,0,11.0,129.0,11.0,23.5,218.5,23.5,0,1,15.0,164.0,15.0,1
10.5,53.5,13.5,0,13.0,129.0,12.0,26.5,218.5,24.5,0,1,16.0,164.0,18.0,1
13.5,53.5,10.5,0,12.0,129.0,13.0,25.5,218.5,27.5,0,1,16.0,164.0,20.0,1
1.5,61.5,1.5,0,5.0,145.0,5.0,22.5,217.5,22.5,0,1,4.0,175.0,4.0,1
5.5,61.5,5.5,0,9.0,145.0,6.0,27.5,217.5,27.5,0,1,6.0,175.0,7.0,1
6.5,61.5,6.5,0,9.0,145.0,6.0,24.5,217.5,23.5,0,1,9.0,175.0,6.0,1
12.0,51.0,12.0,0,1.0,139.0,1.0,12.5,207.5,12.5,0,1,13.5,165.5,13.5,1
15.0,51.0,13.0,0,2.0,139.0,4.0,15.5,207.5,17.5,0,1,15.5,165.5,15.5,1
15.0,51.0,14.0,0,4.0,139.0,2.0,14.5,207.5,17.5,0,1,14.5,165.5,15.5,1
4.0,59.0,4.0,0,4.0,136.0,4.0,73.5,268.5,73.5,0,1,6.5,172.5,6.5,1
5.0,59.0,9.0,0,6.0,136.0,5.0,75.5,268.5,74.5,0,1,10.5,172.5,8.5,1
5.0,59.0,8.0,0,6.0,136.0,9.0,77.5,268.5,74.5,0,1,8.5,172.5,8.5,1
11.5,56.5,11.5,0,9.0,129.0,9.0,12.5,223.5,12.5,0,0,18.5,133.5,18.5,1
14.5,56.5,14.5,0,13.0,129.0,12.0,15.5,223.5,15.5,0,0,21.5,133.5,23.5,1
14.5,56.5,15.5,0,13.0,129.0,13.0,13.5,223.5,14.5,0,0,20.5,133.5,23.5,1
9.0,59.0,9.0,0,5.0,115.0,5.0,21.5,232.5,21.5,0,0,22.0,137.0,22.0,1
11.0,59.0,11.0,0,8.0,115.0,9.0,22.5,232.5,23.5,0,0,23.0,137.0,27.0,1
14.0,59.0,10.0,0,6.0,115.0,7.0,23.5,232.5,22.5,0,0,26.0,137.0,26.0,1
13.5,54.5,13.5,0,4.0,116.0,4.0,28.5,239.5,28.5,0,0,28.5,143.5,28.5,1
14.5,54.5,14.5,0,7.0,116.0,8.0,30.5,239.5,32.5,0,0,31.5,143.5,29.5,1
15.5,54.5,17.5,0,5.0,116.0,9.0,30.5,239.5,31.5,0,0,32.5,143.5,33.5,1
7.0,61.0,7.0,0,6.0,114.0,6.0,28.0,239.0,28.0,0,0,26.0,141.0,26.0,1
11.0,61.0,8.0,0,9.0,114.0,10.0,33.0,239.0,29.0,0,0,27.0,141.0,30.0,1
11.0,61.0,8.0,0,11.0,114.0,9.0,31.0,239.0,33.0,0,0,29.0,141.0,29.0,1
8.0,60.0,8.0,0,8.0,128.0,8.0,7.5,203.5,7.5,0,0,27.0,142.0,27.0,1
10.0,60.0,11.0,0,13.0,128.0,12.0,12.5,203.5,10.5,0,0,28.0,142.0,29.0,1
11.0,60.0,10.0,0,13.0,128.0,12.0,10.5,203.5,11.5,0,0,30.0,142.0,28.0,1
3.0,71.0,3.0,0,0.0,120.0,0.0,29.0,240.0,29.0,0,0,3.0,118.0,3.0,1
4.0,71.0,4.0,0,1.0,120.0,1.0,32.0,240.0,33.0,0,0,4.0,118.0,4.0,1
8.0,71.0,7.0,0,5.0,120.0,2.0,33.0,240.0,31.0,0,0,7.0,118.0,4.0,1
8.5,59.5,8.5,0,0.0,120.0,0.0,42.0,253.0,42.0,0,0,21.0,136.0,21.0,1
12.5,59.5,13.5,0,1.0,120.0,3.0,44.0,253.0,47.0,0,0,23.0,136.0,26.0,1
13.5,59.5,9.5,0,3.0,120.0,5.0,46.0,253.0,45.0,0,0,25.0,136.0,24.0,1
1.0,67.0,1.0,0,13.0,133.0,13.0,33.5,244.5,33.5,0,0,18.5,133.5,18.5,1
6.0,67.0,3.0,0,14.0,133.0,15.0,36.5,244.5,36.5,0,0,21.5,133.5,23.5,1
3.5,65.5,3.5,1,16.0,144.0,16.0,13.0,221.0,13.0,1,0,4.5,135.5,4.5,1
5.5,65.5,7.5,1,18.0,144.0,19.0,16.0,221.0,17.0,1,0,6.5,135.5,7.5,1
4.5,65.5,6.5,1,21.0,144.0,20.0,18.0,221.0,17.0,1,0,6.5,135.5,5.5,1
2.5,47.5,2.5,0,14.0,124.0,14.0,9.0,245.0,9.0,0,0,3.5,155.5,3.5,1
5.5,47.5,6.5,0,18.0,124.0,18.0,14.0,245.0,13.0,0,0,8.5,155.5,6.5,1
5.5,47.5,7.5,0,19.0,124.0,15.0,10.0,245.0,12.0,0,0,4.5,155.5,6.5,1
2.0,43.0,2.0,0,13.0,125.0,13.0,16.0,252.0,16.0,0,0,10.0,162.0,10.0,1
7.0,43.0,7.0,0,14.0,125.0,18.0,18.0,252.0,19.0,0,0,12.0,162.0,14.0,1
5.0,43.0,5.0,0,16.0,125.0,14.0,19.0,252.0,17.0,0,0,14.0,162.0,11.0,1
4.5,49.5,4.5,0,15.0,123.0,15.0,15.5,251.5,15.5,0,0,7.5,159.5,7.5,1
8.5,49.5,9.5,0,19.0,123.0,18.0,16.5,251.5,18.5,0,0,8.5,159.5,9.5,1
7.5,49.5,5.5,0,18.0,123.0,17.0,17.5,251.5,20.5,0,0,12.5,159.5,9.5,1
3.5,48.5,3.5,0,1.0,137.0,1.0,20.0,216.0,20.0,0,0,8.5,160.5,8.5,1
6.5,48.5,6.5,0,3.0,137.0,5.0,25.0,216.0,21.0,0,0,10.5,160.5,9.5,1
4.5,48.5,4.5,0,6.0,137.0,4.0,24.0,216.0,23.0,0,0,11.5,160.5,12.5,1
14.5,59.5,14.5,0,9.0,129.0,9.0,16.5,252.5,16.5,0,0,15.5,136.5,15.5,1
19.5,59.5,17.5,0,11.0,129.0,12.0,19.5,252.5,21.5,0,0,18.5,136.5,20.5,1
15.5,59.5,16.5,0,12.0,129.0,13.0,20.5,252.5,18.5,0,0,20.5,136.5,18.5,1
3.0,48.0,3.0,0,9.0,129.0,9.0,29.5,265.5,29.5,0,0,2.5,154.5,2.5,1
8.0,48.0,4.0,0,13.0,129.0,10.0,34.5,265.5,34.5,0,0,6.5,154.5,6.5,1
6.0,48.0,7.0,0,12.0,129.0,11.0,30.5,265.5,32.5,0,0,6.5,154.5,4.5,1
10.5,55.5,10.5,0,4.0,142.0,4.0,21.0,257.0,21.0,0,0,0.0,152.0,0.0,1
14.5,55.5,12.5,0,8.0,142.0,6.0,22.0,257.0,22.0,0,0,3.0,152.0,5.0,1
13.5,55.5,14.5,0,5.0,142.0,6.0,22.0,257.0,26.0,0,0,3.0,152.0,2.0,1
6.5,43.5,6.5,0,0.0,120.0,0.0,14.5,229.5,14.5,0,1,4.0,166.0,4.0,1
8.5,43.5,7.5,0,1.0,120.0,5.0,19.5,229.5,18.5,0,1,6.0,166.0,9.0,1
8.5,43.5,8.5,0,5.0,120.0,4.0,19.5,229.5,16.5,0,1,9.0,166.0,8.0,1
2.0,48.0,2.0,0,7.5,112.5,7.5,20.0,224.0,20.0,0,1,5.0,167.0,5.0,1
4.0,48.0,5.0,0,10.5,112.5,11.5,25.0,224.0,23.0,0,1,7.0,167.0,9.0,1
4.0,48.0,7.0,0,10.5,112.5,12.5,22.0,224.0,24.0,0,1,7.0,167.0,7.0,1
7.0,57.0,7.0,0,5.0,125.0,5.0,29.5,273.5,29.5,0,1,20.0,142.0,20.0,1
9.0,57.0,10.0,0,7.0,125.0,7.0,30.5,273.5,32.5,0,1,21.0,142.0,21.0,1
9.0,57.0,8.0,0,8.0,125.0,8.0,30.5,273.5,33.5,0,1,25.0,142.0,22.0,1
8.0,42.0,8.0,0,1.0,119.0,1.0,17.0,227.0,17.0,0,1,15.0,177.0,15.0,1
13.0,42.0,11.0,0,5.0,119.0,5.0,19.0,227.0,18.0,0,1,20.0,177.0,16.0,1
11.0,42.0,13.0,0,4.0,119.0,2.0,20.0,227.0,22.0,0,1,20.0,177.0,16.0,1
8.5,58.5,8.5,0,16.0,136.0,16.0,16.5,260.5,16.5,0,1,5.0,167.0,5.0,1
12.5,58.5,11.5,0,17.0,136.0,17.0,19.5,260.5,18.5,0,1,6.0,167.0,6.0,1
13.5,58.5,9.5,0,17.0,136.0,19.0,19.5,260.5,19.5,0,1,10.0,167.0,8.0,1
2.0,52.0,2.0,0,20.0,140.0,20.0,21.5,222.5,21.5,0,1,0.5,162.5,0.5,1
3.0,52.0,6.0,0,22.0,140.0,22.0,23.5,222.5,23.5,0,1,5.5,162.5,4.5,1
4.0,52.0,5.0,0,24.0,140.0,24.0,24.5,222.5,22.5,0,1,4.5,162.5,1.5,1
0.5,49.5,0.5,0,7.0,127.0,7.0,13.5,257.5,13.5,0,1,0.0,162.0,0.0,1
4.5,49.5,1.5,0,8.0,127.0,8.0,14.5,257.5,17.5,0,1,5.0,162.0,5.0,1
5.5,49.5,2.5,0,10.0,127.0,12.0,16.5,257.5,14.5,0,1,5.0,162.0,3.0,1
4.5,45.5,4.5,0,3.0,123.0,3.0,31.0,275.0,31.0,0,1,0.5,162.5,0.5,1
9.5,45.5,8.5,0,6.0,123.0,7.0,34.0,275.0,33.0,0,1,5.5,162.5,3.5,1
7.5,45.5,5.5,0,7.0,123.0,5.0,36.0,275.0,36.0,0,1,4.5,162.5,5.5,1
0.5,49.5,0.5,0,5.0,125.0,5.0,12.5,256.5,12.5,0,1,0.5,162.5,0.5,1
5.5,49.5,1.5,0,10.0,125.0,8.0,14.5,256.5,13.5,0,1,2.5,162.5,4.5,1
5.5,49.5,2.5,0,7.0,125.0,10.0,16.5,256.5,15.5,0,1,2.5,162.5,5.5,1
4.0,46.0,4.0,0,0.0,120.0,0.0,17.5,226.5,17.5,0,1,5.5,167.5,5.5,1
9.0,46.0,5.0,0,2.0,120.0,3.0,21.5,226.5,18.5,0,1,8.5,167.5,10.5,1
9.0,46.0,8.0,0,4.0,120.0,5.0,19.5,226.5,22.5,0,1,6.5,167.5,8.5,1
8.5,58.5,8.5,0,7.0,113.0,7.0,10.5,233.5,10.5,0,1,10.0,152.0,10.0,1
11.5,58.5,10.5,0,10.0,113.0,10.0,13.5,233.5,13.5,0,1,12.0,152.0,15.0,1
10.5,58.5,12.5,0,10.0,113.0,11.0,15.5,233.5,15.5,0,1,13.0,152.0,15.0,1
3.0,47.0,3.0,0,1.0,119.0,1.0,1.0,243.0,1.0,0,1,6.5,155.5,6.5,1
5.0,47.0,8.0,0,3.0,119.0,3.0,6.0,243.0,4.0,0,1,8.5,155.5,11.5,1
7.0,47.0,8.0,0,3.0,119.0,6.0,5.0,243.0,6.0,0,1,11.5,155.5,11.5,1
5.0,55.0,5.0,0,15.0,135.0,15.0,2.0,242.0,2.0,0,1,4.5,166.5,4.5,1
7.0,55.0,7.0,0,16.0,135.0,20.0,6.0,242.0,7.0,0,1,8.5,166.5,7.5,1
9.0,55.0,10.0,0,20.0,135.0,19.0,4.0,242.0,4.0,0,1,9.5,166.5,6.5,1
5.5,44.5,5.5,0,9.0,129.0,9.0,12.0,232.0,12.0,0,1,5.0,157.0,5.0,1
9.5,44.5,8.5,0,14.0,129.0,14.0,14.0,232.0,14.0,0,1,9.0,157.0,9.0,1
10.5,44.5,6.5,0,13.0,129.0,11.0,13.0,232.0,14.0,0,1,8.0,157.0,10.0,1
2.5,52.5,2.5,0,6.0,126.0,6.0,49.0,293.0,49.0,0,1,2.0,164.0,2.0,1
7.5,52.5,6.5,0,8.0,126.0,10.0,52.0,293.0,50.0,0,1,5.0,164.0,5.0,1
6.5,52.5,3.5,0,10.0,126.0,8.0,50.0,293.0,54.0,0,1,5.0,164.0,3.0,1
4.5,45.5,4.5,0,1.0,111.0,1.0,7.0,261.0,7.0,0,0,6.5,165.5,6.5,1
8.5,45.5,8.5,0,4.0,111.0,5.0,12.0,261.0,9.0,0,0,8.5,165.5,8.5,1
9.5,45.5,9.5,0,4.0,111.0,3.0,9.0,261.0,11.0,0,0,8.5,165.5,7.5,1
2.0,52.0,2.0,0,1.0,109.0,1.0,6.5,260.5,6.5,0,0,4.0,163.0,4.0,1
5.0,52.0,4.0,0,2.0,109.0,4.0,7.5,260.5,7.5,0,0,9.0,163.0,5.0,1
7.0,52.0,5.0,0,5.0,109.0,2.0,8.5,260.5,8.5,0,0,9.0,163.0,5.0,1
1.0,51.0,1.0,0,13.0,123.0,13.0,29.0,225.0,29.0,0,0,5.0,164.0,5.0,1
3.0,51.0,6.0,0,14.0,123.0,15.0,33.0,225.0,33.0,0,0,9.0,164.0,9.0,1
3.0,51.0,2.0,0,14.0,123.0,15.0,31.0,225.0,31.0,0,0,6.0,164.0,7.0,1
12.0,62.0,12.0,0,5.0,115.0,5.0,7.5,261.5,7.5,0,0,19.0,140.0,19.0,1
13.0,62.0,17.0,0,10.0,115.0,10.0,9.5,261.5,8.5,0,0,23.0,140.0,23.0,1
14.0,62.0,16.0,0,6.0,115.0,7.0,10.5,261.5,8.5,0,0,22.0,140.0,21.0,1
0.5,50.5,0.5,0,5.0,115.0,5.0,20.5,274.5,20.5,0,0,1.0,158.0,1.0,1
2.5,50.5,5.5,0,8.0,115.0,10.0,24.5,274.5,25.5,0,0,2.0,158.0,2.0,1
5.5,50.5,4.5,0,9.0,115.0,10.0,25.5,274.5,23.5,0,0,2.0,158.0,6.0,1
8.0,58.0,8.0,0,18.0,128.0,18.0,12.0,266.0,12.0,0,0,3.5,155.5,3.5,1
4.0,64.0,2.0,0,22.0,160.0,22.0,9.0,319.0,7.0,0,1,13.5,143.5,13.5,1
5.0,64.0,3.0,0,24.0,160.0,22.0,11.0,319.0,8.0,0,1,12.5,143.5,13.5,1
4.0,64.0,5.0,0,30.0,155.0,26.0,16.0,314.0,16.0,0,1,20.0,138.0,21.0,1
1.0,64.0,1.0,0,30.0,155.0,29.0,15.0,314.0,13.0,0,1,17.0,138.0,20.0,1
1.5,65.5,1.5,0,14.0,166.0,14.0,24.0,301.0,24.0,0,1,9.0,163.0,9.0,1
3.5,65.5,2.5,0,17.0,166.0,17.0,28.0,301.0,26.0,0,1,13.0,163.0,14.0,1
4.5,65.5,6.5,0,17.0,166.0,17.0,27.0,301.0,25.0,0,1,11.0,163.0,14.0,1
5.0,59.0,5.0,0,10.0,170.0,10.0,62.0,263.0,62.0,0,1,4.5,158.5,4.5,1
8.0,59.0,10.0,0,15.0,170.0,11.0,63.0,263.0,64.0,0,1,9.5,158.5,5.5,1
9.0,59.0,6.0,0,12.0,170.0,13.0,65.0,263.0,64.0,0,1,6.5,158.5,5.5,1
7.5,56.5,7.5,0,23.0,157.0,23.0,27.0,298.0,27.0,0,1,4.0,158.0,4.0,1
10.5,56.5,11.5,0,24.0,157.0,26.0,31.0,298.0,32.0,0,1,9.0,158.0,5.0,1
9.5,56.5,12.5,0,26.0,157.0,27.0,32.0,298.0,30.0,0,1,7.0,158.0,9.0,1
11.5,52.5,11.5,0,27.0,153.0,27.0,9.5,315.5,9.5,0,1,4.5,158.5,4.5,1
13.5,52.5,16.5,0,30.0,153.0,28.0,14.5,315.5,13.5,0,1,5.5,158.5,8.5,1
16.5,52.5,12.5,0,32.0,153.0,28.0,13.5,315.5,12.5,0,1,9.5,158.5,9.5,1
7.5,56.5,7.5,0,25.0,155.0,25.0,28.0,297.0,28.0,0,1,4.5,158.5,4.5,1
8.5,56.5,10.5,0,30.0,155.0,26.0,29.0,297.0,32.0,0,1,5.5,158.5,6.5,1
8.5,56.5,11.5,0,28.0,155.0,30.0,31.0,297.0,31.0,0,1,8.5,158.5,6.5,1
1.5,65.5,1.5,0,37.0,143.0,37.0,51.0,274.0,51.0,0,1,6.0,148.0,6.0,1
3.5,65.5,2.5,0,42.0,143.0,40.0,53.0,274.0,54.0,0,1,8.0,148.0,7.0,1
6.0,70.0,6.0,0,20.0,160.0,20.0,64.0,261.0,64.0,0,1,19.0,135.0,19.0,1
9.0,70.0,7.0,0,25.0,160.0,22.0,66.0,261.0,66.0,0,1,21.0,135.0,21.0,1
4.5,59.5,4.5,0,24.0,156.0,24.0,8.5,333.5,8.5,0,1,6.0,160.0,6.0,1
6.5,59.5,9.5,0,29.0,156.0,27.0,11.5,333.5,13.5,0,1,8.0,160.0,10.0,1
5.5,59.5,6.5,0,25.0,156.0,29.0,13.5,333.5,13.5,0,1,8.0,160.0,8.0,1
4.0,64.0,2.0,0,9.0,135.0,10.0,9.0,308.0,10.0,0,1,7.5,127.5,9.5,1
4.0,64.0,3.0,0,7.0,135.0,6.0,9.0,308.0,7.0,0,1,9.5,127.5,8.5,1
1.5,65.5,1.5,0,6.0,146.0,6.0,18.0,295.0,18.0,0,1,19.5,152.5,19.5,1
2.5,65.5,2.5,0,10.0,146.0,7.0,19.0,295.0,21.0,0,1,21.5,152.5,24.5,1
4.5,65.5,4.5,0,10.0,146.0,8.0,22.0,295.0,19.0,0,1,20.5,152.5,20.5,1
7.5,56.5,7.5,0,3.0,137.0,3.0,21.0,292.0,21.0,0,1,14.5,147.5,14.5,1
11.5,56.5,12.5,0,4.0,137.0,6.0,25.0,292.0,24.0,0,1,15.5,147.5,16.5,1
11.5,52.5,11.5,0,7.0,133.0,7.0,3.5,309.5,3.5,0,1,15.0,148.0,15.0,1
1.5,65.5,1.5,0,17.0,123.0,17.0,45.0,268.0,45.0,0,1,4.5,137.5,4.5,1
2.5,65.5,3.5,0,22.0,123.0,22.0,46.0,268.0,50.0,0,1,9.5,137.5,5.5,1
3.5,65.5,5.5,0,21.0,123.0,19.0,47.0,268.0,47.0,0,1,7.5,137.5,6.5,1
6.0,70.0,6.0,0,0.0,140.0,0.0,58.0,255.0,58.0,0,1,8.5,124.5,8.5,1
10.0,70.0,7.0,0,1.0,140.0,5.0,60.0,255.0,60.0,0,1,10.5,124.5,9.5,1
8.0,70.0,7.0,0,1.0,140.0,1.0,62.0,255.0,63.0,0,1,13.5,124.5,13.5,1
12.5,51.5,12.5,0,1.0,139.0,1.0,46.5,266.5,46.5,0,1,9.5,142.5,9.5,1
17.5,51.5,14.5,0,5.0,139.0,6.0,48.5,266.5,49.5,0,1,12.5,142.5,10.5,1
13.5,51.5,16.5,0,4.0,139.0,6.0,51.5,266.5,51.5,0,1,10.5,142.5,12.5,1
4.5,59.5,4.5,0,4.0,136.0,4.0,14.5,327.5,14.5,0,1,16.5,149.5,16.5,1
6.5,59.5,9.5,0,9.0,136.0,5.0,18.5,327.5,15.5,0,1,19.5,149.5,17.5,1
5.5,59.5,7.5,0,7.0,136.0,5.0,15.5,327.5,18.5,0,1,17.5,149.5,18.5,1
2.0,45.0,2.0,1,1.0,111.0,1.0,3.5,207.5,3.5,0,1,9.0,152.0,9.0,1
4.0,45.0,6.0,1,2.0,111.0,2.0,7.5,207.5,6.5,0,1,14.0,152.0,13.0,1
7.0,45.0,4.0,1,6.0,111.0,6.0,5.5,207.5,4.5,0,1,12.0,152.0,14.0,1
0.5,42.5,0.5,1,5.0,115.0,5.0,42.0,253.0,42.0,0,1,0.5,161.5,0.5,1
2.5,42.5,1.5,1,6.0,115.0,6.0,46.0,253.0,43.0,0,1,1.5,161.5,1.5,1
4.5,42.5,3.5,1,9.0,115.0,7.0,43.0,253.0,47.0,0,1,5.5,161.5,5.5,1
1.0,42.0,1.0,1,0.0,110.0,0.0,12.0,223.0,12.0,0,1,4.0,157.0,4.0,1
5.0,42.0,6.0,1,3.0,110.0,4.0,16.0,223.0,14.0,0,1,7.0,157.0,8.0,1
6.0,42.0,4.0,1,4.0,110.0,1.0,14.0,223.0,14.0,0,1,7.0,157.0,5.0,1
0.5,43.5,0.5,1,5.0,115.0,5.0,7.5,218.5,7.5,0,1,4.0,165.0,4.0,1
4.5,43.5,2.5,1,9.0,115.0,9.0,9.5,218.5,11.5,0,1,5.0,165.0,8.0,1
2.5,43.5,2.5,1,6.0,115.0,10.0,12.5,218.5,12.5,0,1,8.0,165.0,7.0,1
0.5,42.5,0.5,1,10.0,120.0,10.0,15.5,195.5,15.5,0,1,5.5,155.5,5.5,1
3.5,42.5,3.5,1,15.0,120.0,14.0,20.5,195.5,16.5,0,1,6.5,155.5,8.5,1
4.5,42.5,3.5,1,12.0,120.0,15.0,17.5,195.5,20.5,0,1,9.5,155.5,7.5,1
2.0,45.0,2.0,1,10.0,120.0,10.0,21.0,232.0,21.0,0,1,9.0,170.0,9.0,1
4.0,39.0,4.0,1,6.0,116.0,6.0,9.5,201.5,9.5,0,1,6.5,167.5,6.5,1
6.0,39.0,5.0,1,7.0,116.0,11.0,14.5,201.5,10.5,0,1,11.5,167.5,7.5,1
6.0,39.0,7.0,1,10.0,116.0,10.0,10.5,201.5,12.5,0,1,7.5,167.5,9.5,1
1.0,42.0,1.0,1,5.0,115.0,5.0,27.0,184.0,27.0,0,1,10.5,171.5,10.5,1
2.0,42.0,3.0,1,9.0,115.0,10.0,29.0,184.0,31.0,0,1,11.5,171.5,13.5,1
3.0,42.0,2.0,1,10.0,115.0,10.0,31.0,184.0,31.0,0,1,15.5,171.5,12.5,1
2.5,40.5,2.5,1,14.0,124.0,14.0,18.0,193.0,18.0,0,1,6.0,167.0,6.0,1
4.5,40.5,7.5,1,16.0,124.0,17.0,20.0,193.0,21.0,0,1,8.0,167.0,10.0,1
7.5,40.5,7.5,1,16.0,124.0,15.0,22.0,193.0,22.0,0,1,7.0,167.0,7.0,1
2.5,40.5,2.5,1,14.0,124.0,14.0,18.0,193.0,18.0,0,1,6.0,167.0,6.0,1
5.5,40.5,4.5,1,18.0,124.0,15.0,22.0,193.0,19.0,0,1,9.0,167.0,7.0,1
3.5,40.5,5.5,1,15.0,124.0,18.0,20.0,193.0,22.0,0,1,10.0,167.0,11.0,1
4.0,51.0,4.0,1,9.0,121.0,9.0,29.0,233.0,29.0,0,1,6.0,149.0,6.0,1
8.0,51.0,7.0,1,14.0,121.0,11.0,32.0,233.0,33.0,0,1,9.0,149.0,7.0,1
6.5,48.5,6.5,1,5.0,125.0,5.0,16.5,278.5,16.5,0,1,3.5,158.5,3.5,1
11.5,48.5,8.5,1,9.0,125.0,6.0,20.5,278.5,20.5,0,1,7.5,158.5,6.5,1
10.5,48.5,9.5,1,10.0,125.0,9.0,20.5,278.5,18.5,0,1,4.5,158.5,8.5,1
7.0,48.0,7.0,1,10.0,120.0,10.0,13.5,248.5,13.5,0,1,1.0,154.0,1.0,1
4.5,59.5,4.5,1,1.0,129.0,1.0,0.5,262.5,0.5,0,1,25.0,130.0,25.0,1
7.5,59.5,6.5,1,5.0,129.0,2.0,2.5,262.5,2.5,0,1,28.0,130.0,26.0,1
8.5,59.5,5.5,1,2.0,129.0,3.0,5.5,262.5,4.5,0,1,29.0,130.0,27.0,1
5.5,49.5,5.5,1,5.0,125.0,5.0,18.0,244.0,18.0,0,1,7.0,162.0,7.0,1
9.5,49.5,8.5,1,6.0,125.0,6.0,19.0,244.0,21.0,0,1,8.0,162.0,12.0,1
9.5,49.5,7.5,1,9.0,125.0,8.0,22.0,244.0,20.0,0,1,9.0,162.0,9.0,1
6.5,48.5,6.5,1,0.0,130.0,0.0,41.0,221.0,41.0,0,1,2.5,152.5,2.5,1
11.5,48.5,8.5,1,5.0,130.0,5.0,44.0,221.0,42.0,0,1,5.5,152.5,7.5,1
10.5,48.5,10.5,1,1.0,130.0,2.0,43.0,221.0,44.0,0,1,3.5,152.5,6.5,1
4.0,51.0,4.0,1,0.0,130.0,0.0,4.5,257.5,4.5,0,1,12.0,167.0,12.0,1
5.0,51.0,6.0,1,3.0,130.0,5.0,5.5,257.5,8.5,0,1,16.0,167.0,13.0,1
5.0,51.0,5.0,1,1.0,130.0,3.0,6.5,257.5,8.5,0,1,15.0,167.0,17.0,1
10.0,45.0,10.0,1,4.0,126.0,4.0,35.0,227.0,35.0,0,1,9.5,164.5,9.5,1
15.0,45.0,14.0,1,5.0,126.0,5.0,37.0,227.0,39.0,0,1,12.5,164.5,13.5,1
13.0,45.0,13.0,1,6.0,126.0,8.0,38.0,227.0,40.0,0,1,14.5,164.5,13.5,1
7.0,48.0,7.0,1,5.0,125.0,5.0,52.5,209.5,52.5,0,1,13.5,168.5,13.5,1
9.0,48.0,8.0,1,9.0,125.0,8.0,54.5,209.5,57.5,0,1,15.5,168.5,15.5,1
8.5,46.5,8.5,1,4.0,134.0,4.0,43.5,218.5,43.5,0,1,9.0,164.0,9.0,1
10.5,46.5,10.5,1,5.0,134.0,8.0,46.5,218.5,44.5,0,1,14.0,164.0,11.0,1
8.5,46.5,8.5,1,4.0,134.0,4.0,43.5,218.5,43.5,0,1,9.0,164.0,9.0,1
4.5,41.5,4.5,0,7.5,112.5,7.5,5.5,209.5,5.5,0,1,1.0,171.0,1.0,1
5.5,41.5,9.5,0,8.5,112.5,11.5,6.5,209.5,10.5,0,1,2.0,171.0,5.0,1
6.5,41.5,8.5,0,9.5,112.5,11.5,6.5,209.5,6.5,0,1,5.0,171.0,4.0,1
13.5,50.5,13.5,0,5.0,125.0,5.0,44.0,259.0,44.0,0,1,24.0,146.0,24.0,1
1.5,35.5,1.5,0,1.0,119.0,1.0,2.5,212.5,2.5,0,1,11.0,181.0,11.0,1
2.5,35.5,4.5,0,6.0,119.0,6.0,4.5,212.5,6.5,0,1,16.0,181.0,13.0,1
5.5,35.5,2.5,0,6.0,119.0,4.0,5.5,212.5,3.5,0,1,14.0,181.0,16.0,1
15.0,52.0,15.0,0,16.0,136.0,16.0,31.0,246.0,31.0,0,1,1.0,171.0,1.0,1
16.0,52.0,17.0,0,18.0,136.0,17.0,36.0,246.0,36.0,0,1,5.0,171.0,4.0,1
17.0,52.0,19.0,0,18.0,136.0,18.0,32.0,246.0,32.0,0,1,5.0,171.0,6.0,1
8.5,45.5,8.5,0,20.0,140.0,20.0,7.0,208.0,7.0,0,1,3.5,166.5,3.5,1
10.5,45.5,13.5,0,24.0,140.0,25.0,11.0,208.0,9.0,0,1,7.5,166.5,6.5,1
12.5,45.5,11.5,0,24.0,140.0,24.0,12.0,208.0,10.0,0,1,6.5,166.5,7.5,1
6.0,43.0,6.0,0,7.0,127.0,7.0,28.0,243.0,28.0,0,1,4.0,166.0,4.0,1
10.0,43.0,9.0,0,12.0,127.0,10.0,33.0,243.0,32.0,0,1,5.0,166.0,9.0,1
9.0,43.0,10.0,0,11.0,127.0,12.0,31.0,243.0,29.0,0,1,8.0,166.0,7.0,1
2.0,39.0,2.0,0,3.0,123.0,3.0,45.5,260.5,45.5,0,1,3.5,166.5,3.5,1
3.0,39.0,6.0,0,4.0,123.0,6.0,48.5,260.5,46.5,0,1,8.5,166.5,7.5,1
7.0,39.0,3.0,0,8.0,123.0,4.0,47.5,260.5,46.5,0,1,4.5,166.5,6.5,1
6.0,43.0,6.0,0,5.0,125.0,5.0,27.0,242.0,27.0,0,1,3.5,166.5,3.5,1
8.0,43.0,8.0,0,9.0,125.0,6.0,28.0,242.0,31.0,0,1,5.5,166.5,6.5,1
11.0,43.0,11.0,0,10.0,125.0,9.0,30.0,242.0,28.0,0,1,7.5,166.5,6.5,1
2.5,39.5,2.5,0,0.0,120.0,0.0,3.0,212.0,3.0,0,1,1.5,171.5,1.5,1
4.5,39.5,6.5,0,1.0,120.0,5.0,7.0,212.0,4.0,0,1,3.5,171.5,5.5,1
3.5,39.5,7.5,0,4.0,120.0,2.0,6.0,212.0,5.0,0,1,2.5,171.5,5.5,1
15.0,52.0,15.0,0,7.0,113.0,7.0,4.0,219.0,4.0,0,1,14.0,156.0,14.0,1
20.0,52.0,20.0,0,10.0,113.0,10.0,8.0,219.0,7.0,0,1,15.0,156.0,18.0,1
17.0,52.0,16.0,0,9.0,113.0,10.0,7.0,219.0,6.0,0,1,16.0,156.0,17.0,1
3.5,40.5,3.5,0,1.0,119.0,1.0,13.5,228.5,13.5,0,1,10.5,159.5,10.5,1
5.5,40.5,4.5,0,5.0,119.0,4.0,17.5,228.5,15.5,0,1,11.5,159.5,15.5,1
7.5,40.5,5.5,0,3.0,119.0,6.0,16.5,228.5,18.5,0,1,14.5,159.5,11.5,1
11.5,48.5,11.5,0,15.0,135.0,15.0,12.5,227.5,12.5,0,1,0.5,170.5,0.5,1
16.5,48.5,16.5,0,19.0,135.0,16.0,15.5,227.5,13.5,0,1,1.5,170.5,1.5,1
14.5,48.5,12.5,0,17.0,135.0,16.0,17.5,227.5,15.5,0,1,5.5,170.5,3.5,1
1.0,38.0,1.0,0,9.0,129.0,9.0,2.5,217.5,2.5,0,1,9.0,161.0,9.0,1
6.0,38.0,6.0,0,13.0,129.0,12.0,6.5,217.5,5.5,0,1,10.0,161.0,10.0,1
5.0,38.0,3.0,0,10.0,129.0,13.0,7.5,217.5,4.5,0,1,12.0,161.0,10.0,1
9.0,46.0,9.0,0,6.0,126.0,6.0,63.5,278.5,63.5,0,1,2.0,168.0,2.0,1
13.0,46.0,14.0,0,9.0,126.0,11.0,64.5,278.5,65.5,0,1,4.0,168.0,3.0,1
12.0,46.0,13.0,0,11.0,126.0,11.0,67.5,278.5,64.5,0,1,3.0,168.0,6.0,1
7.5,48.5,7.5,1,5.0,125.0,5.0,10.5,203.5,10.5,0,0,3.0,165.0,3.0,1
10.5,48.5,11.5,1,7.0,125.0,6.0,15.5,203.5,15.5,0,0,8.0,165.0,8.0,1
11.5,48.5,10.5,1,10.0,125.0,10.0,14.5,203.5,15.5,0,0,7.0,165.0,7.0,1
12.5,53.5,12.5,1,15.0,145.0,15.0,7.0,221.0,7.0,0,0,15.0,153.0,15.0,1
11.5,52.5,11.5,1,20.0,150.0,20.0,6.5,220.5,6.5,0,0,6.5,161.5,6.5,1
14.5,52.5,14.5,1,22.0,150.0,22.0,10.5,220.5,8.5,0,0,10.5,161.5,10.5,1
7.5,48.5,7.5,1,0.0,130.0,0.0,3.5,217.5,3.5,0,0,2.5,165.5,2.5,1
8.5,48.5,8.5,1,5.0,130.0,4.0,8.5,217.5,5.5,0,0,4.5,165.5,7.5,1
11.5,48.5,10.5,1,3.0,130.0,4.0,7.5,217.5,5.5,0,0,4.5,165.5,5.5,1
5.0,61.0,5.0,1,20.0,140.0,20.0,17.5,210.5,17.5,0,0,12.0,150.0,12.0,1
4.0,60.0,4.0,1,25.0,145.0,25.0,17.0,210.0,17.0,0,0,3.5,158.5,3.5,1
9.0,60.0,6.0,1,30.0,145.0,28.0,18.0,210.0,19.0,0,0,8.5,158.5,5.5,1
3.0,56.0,4.0,1,7.0,125.0,6.0,17.0,207.0,17.0,0,0,2.5,162.5,1.5,1
5.0,56.0,4.0,1,9.0,125.0,7.0,18.0,207.0,19.0,0,0,5.5,162.5,4.5,1
6.0,40.0,6.0,0,6.5,111.5,6.5,3.0,207.0,3.0,0,1,10.0,182.0,10.0,1
10.0,40.0,8.0,0,9.5,111.5,9.5,5.0,207.0,7.0,0,1,11.0,182.0,13.0,1
8.0,40.0,11.0,0,9.5,111.5,10.5,5.0,207.0,6.0,0,1,15.0,182.0,14.0,1
10.5,56.5,10.5,0,23.5,128.5,23.5,36.5,240.5,36.5,0,1,0.0,172.0,0.0,1
13.5,56.5,13.5,0,25.5,128.5,28.5,37.5,240.5,41.5,0,1,3.0,172.0,2.0,1
15.5,56.5,14.5,0,28.5,128.5,26.5,41.5,240.5,39.5,0,1,4.0,172.0,5.0,1
4.0,50.0,4.0,0,27.5,132.5,27.5,1.5,202.5,1.5,0,1,4.5,167.5,4.5,1
6.0,50.0,6.0,0,29.5,132.5,30.5,3.5,202.5,5.5,0,1,7.5,167.5,7.5,1
8.0,50.0,8.0,0,31.5,132.5,29.5,5.5,202.5,3.5,0,1,7.5,167.5,5.5,1
1.5,47.5,1.5,0,14.5,119.5,14.5,33.5,237.5,33.5,0,1,5.0,167.0,5.0,1
4.5,47.5,2.5,0,18.5,119.5,16.5,38.5,237.5,37.5,0,1,8.0,167.0,10.0,1
3.5,47.5,2.5,0,17.5,119.5,17.5,35.5,237.5,34.5,0,1,9.0,167.0,8.0,1
2.5,43.5,2.5,0,10.5,115.5,10.5,51.0,255.0,51.0,0,1,4.5,167.5,4.5,1
6.5,43.5,5.5,0,14.5,115.5,11.5,53.0,255.0,53.0,0,1,6.5,167.5,5.5,1
6.5,43.5,7.5,0,12.5,115.5,15.5,54.0,255.0,56.0,0,1,6.5,167.5,9.5,1
1.5,47.5,1.5,0,12.5,117.5,12.5,32.5,236.5,32.5,0,1,4.5,167.5,4.5,1
2.5,47.5,5.5,0,15.5,117.5,15.5,34.5,236.5,35.5,0,1,8.5,167.5,7.5,1
2.5,47.5,4.5,0,15.5,117.5,13.5,36.5,236.5,34.5,0,1,8.5,167.5,5.5,1
2.0,44.0,2.0,0,7.5,112.5,7.5,2.5,206.5,2.5,0,1,0.5,172.5,0.5,1
6.0,44.0,7.0,0,8.5,112.5,10.5,5.5,206.5,3.5,0,1,2.5,172.5,2.5,1
3.0,44.0,7.0,0,8.5,112.5,8.5,3.5,206.5,5.5,0,1,5.5,172.5,3.5,1
10.5,56.5,10.5,0,0.5,105.5,0.5,9.5,213.5,9.5,0,1,15.0,157.0,15.0,1
12.5,56.5,15.5,0,2.5,105.5,1.5,14.5,213.5,13.5,0,1,19.0,157.0,18.0,1
11.5,56.5,11.5,0,3.5,105.5,5.5,11.5,213.5,14.5,0,1,18.0,157.0,20.0,1
1.0,45.0,1.0,0,6.5,111.5,6.5,19.0,223.0,19.0,0,1,11.5,160.5,11.5,1
2.0,45.0,2.0,0,8.5,111.5,8.5,23.0,223.0,22.0,0,1,16.5,160.5,12.5,1
5.0,45.0,3.0,0,11.5,111.5,11.5,20.0,223.0,22.0,0,1,16.5,160.5,16.5,1
7.0,53.0,7.0,0,22.5,127.5,22.5,18.0,222.0,18.0,0,1,0.5,171.5,0.5,1
8.0,53.0,11.0,0,24.5,127.5,26.5,23.0,222.0,19.0,0,1,5.5,171.5,2.5,1
8.0,53.0,9.0,0,27.5,127.5,26.5,20.0,222.0,22.0,0,1,4.5,171.5,3.5,1
3.5,42.5,3.5,0,16.5,121.5,16.5,8.0,212.0,8.0,0,1,10.0,162.0,10.0,1
6.5,42.5,4.5,0,21.5,121.5,21.5,11.0,212.0,9.0,0,1,11.0,162.0,11.0,1
7.5,42.5,8.5,0,17.5,121.5,20.5,11.0,212.0,11.0,0,1,15.0,162.0,11.0,1
4.5,50.5,4.5,0,13.5,118.5,13.5,69.0,273.0,69.0,0,1,3.0,169.0,3.0,1
8.5,50.5,8.5,0,16.5,118.5,17.5,72.0,273.0,74.0,0,1,6.0,169.0,8.0,1
8.5,50.5,5.5,0,16.5,118.5,17.5,70.0,273.0,74.0,0,1,7.0,169.0,6.0,1
15.0,49.0,15.0,0,6.0,124.0,6.0,46.5,256.5,46.5,0,1,35.0,157.0,35.0,1
19.0,49.0,20.0,0,11.0,124.0,9.0,47.5,256.5,49.5,0,1,38.0,157.0,40.0,1
1.5,65.5,1.5,0,11.0,141.0,11.0,13.0,290.0,13.0,0,1,25.0,147.0,25.0,1
6.5,65.5,6.5,0,14.0,141.0,12.0,16.0,290.0,14.0,0,1,28.0,147.0,29.0,1
3.5,65.5,3.5,0,16.0,141.0,13.0,18.0,290.0,14.0,0,1,28.0,147.0,29.0,1
7.5,56.5,7.5,0,2.0,132.0,2.0,16.0,287.0,16.0,0,1,20.0,142.0,20.0,1
8.5,56.5,9.5,0,3.0,132.0,3.0,17.0,287.0,17.0,0,1,25.0,142.0,25.0,1
7.5,56.5,7.5,0,0.0,130.0,0.0,17.0,286.0,17.0,0,1,20.5,142.5,20.5,1
11.0,53.0,11.0,0,5.0,125.0,5.0,47.0,256.0,47.0,0,1,25.5,147.5,25.5,1
1.5,65.5,1.5,0,12.0,118.0,12.0,40.0,263.0,40.0,0,1,10.0,132.0,10.0,1
2.5,65.5,5.5,0,15.0,118.0,16.0,42.0,263.0,43.0,0,1,13.0,132.0,11.0,1
6.5,65.5,3.5,0,17.0,118.0,16.0,44.0,263.0,42.0,0,1,15.0,132.0,12.0,1
6.0,70.0,6.0,0,5.0,135.0,5.0,53.0,250.0,53.0,0,1,3.0,119.0,3.0,1
9.0,70.0,9.0,0,8.0,135.0,6.0,57.0,250.0,57.0,0,1,8.0,119.0,5.0,1
10.0,70.0,8.0,0,8.0,135.0,8.0,57.0,250.0,57.0,0,1,6.0,119.0,5.0,1
10.0,54.0,10.0,0,6.0,124.0,6.0,30.5,272.5,30.5,0,1,13.5,135.5,13.5,1
13.0,54.0,14.0,0,7.0,124.0,9.0,31.5,272.5,35.5,0,1,18.5,135.5,14.5,1
12.5,51.5,12.5,0,4.0,134.0,4.0,41.5,261.5,41.5,0,1,15.0,137.0,15.0,1
4.5,59.5,4.5,0,1.0,131.0,1.0,19.5,322.5,19.5,0,1,22.0,144.0,22.0,1
3.5,62.5,3.5,1,11.0,149.0,11.0,21.5,249.5,21.5,0,0,22.0,160.0,22.0,1
2.5,61.5,2.5,1,16.0,154.0,16.0,22.0,249.0,22.0,0,0,13.5,168.5,13.5,1
6.5,47.5,6.5,0,2.0,110.0,2.0,0.5,267.5,0.5,0,0,2.5,169.5,2.5,1
11.5,47.5,8.5,0,6.0,110.0,3.0,5.5,267.5,5.5,0,0,5.5,169.5,7.5,1
11.5,47.5,9.5,0,4.0,110.0,7.0,5.5,267.5,2.5,0,0,7.5,169.5,3.5,1
5.5,46.5,5.5,0,12.0,124.0,12.0,36.0,232.0,36.0,0,0,1.5,170.5,1.5,1
9.5,46.5,10.5,0,16.0,124.0,14.0,38.0,232.0,39.0,0,0,2.5,170.5,5.5,1
9.5,46.5,6.5,0,13.0,124.0,13.0,40.0,232.0,37.0,0,0,2.5,170.5,4.5,1
16.5,57.5,16.5,0,4.0,116.0,4.0,0.5,268.5,0.5,0,0,25.5,146.5,25.5,1
19.5,57.5,20.5,0,9.0,116.0,5.0,5.5,268.5,1.5,0,0,28.5,146.5,28.5,1
20.5,57.5,19.5,0,5.0,116.0,8.0,4.5,268.5,2.5,0,0,30.5,146.5,30.5,1
5.0,46.0,5.0,0,4.0,116.0,4.0,13.5,281.5,13.5,0,0,7.5,164.5,7.5,1
9.0,46.0,7.0,0,9.0,116.0,8.0,15.5,281.5,18.5,0,0,8.5,164.5,12.5,1
7.0,46.0,8.0,0,9.0,116.0,5.0,14.5,281.5,18.5,0,0,9.5,164.5,12.5,1
1.0,53.0,1.0,0,14.0,122.0,14.0,35.5,231.5,35.5,0,0,1.0,168.0,1.0,1
4.0,53.0,5.0,0,17.0,122.0,15.0,36.5,231.5,40.5,0,0,4.0,168.0,6.0,1
6.0,53.0,6.0,0,18.0,122.0,17.0,37.5,231.5,39.5,0,0,5.0,168.0,5.0,1
10.0,64.0,10.0,0,6.0,114.0,6.0,1.0,268.0,1.0,0,0,23.0,144.0,23.0,1
13.0,64.0,15.0,0,10.0,114.0,9.0,3.0,268.0,6.0,0,0,25.0,144.0,27.0,1
15.0,64.0,11.0,0,10.0,114.0,7.0,4.0,268.0,3.0,0,0,24.0,144.0,27.0,1
1.5,52.5,1.5,0,6.0,114.0,6.0,14.0,281.0,14.0,0,0,5.0,162.0,5.0,1
4.5,52.5,5.5,0,10.0,114.0,7.0,17.0,281.0,19.0,0,0,8.0,162.0,7.0,1
5.5,52.5,2.5,0,11.0,114.0,10.0,16.0,281.0,19.0,0,0,8.0,162.0,6.0,1
16.5,50.5,16.5,0,17.0,135.0,17.0,33.5,243.5,33.5,0,1,10.0,182.0,10.0,1
18.5,50.5,21.5,0,20.0,135.0,21.0,37.5,243.5,37.5,0,1,13.0,182.0,14.0,1
18.5,50.5,18.5,0,21.0,135.0,20.0,35.5,243.5,37.5,0,1,11.0,182.0,11.0,1
10.0,44.0,10.0,0,21.0,139.0,21.0,4.5,205.5,4.5,0,1,14.5,177.5,14.5,1
14.0,44.0,11.0,0,25.0,139.0,23.0,5.5,205.5,9.5,0,1,18.5,177.5,18.5,1
14.0,44.0,14.0,0,22.0,139.0,23.0,7.5,205.5,7.5,0,1,17.5,177.5,16.5,1
7.5,41.5,7.5,0,8.0,126.0,8.0,30.5,240.5,30.5,0,1,15.0,177.0,15.0,1
12.5,41.5,10.5,0,11.0,126.0,9.0,31.5,240.5,32.5,0,1,20.0,177.0,17.0,1
8.5,41.5,12.5,0,9.0,126.0,11.0,34.5,240.5,32.5,0,1,20.0,177.0,19.0,1
3.5,37.5,3.5,0,4.0,122.0,4.0,48.0,258.0,48.0,0,1,14.5,177.5,14.5,1
8.5,37.5,4.5,0,6.0,122.0,6.0,51.0,258.0,49.0,0,1,17.5,177.5,19.5,1
6.5,37.5,7.5,0,8.0,122.0,9.0,52.0,258.0,51.0,0,1,15.5,177.5,17.5,1
7.5,41.5,7.5,0,6.0,124.0,6.0,29.5,239.5,29.5,0,1,14.5,177.5,14.5,1
12.5,41.5,12.5,0,10.0,124.0,8.0,30.5,239.5,31.5,0,1,18.5,177.5,17.5,1
10.5,41.5,9.5,0,7.0,124.0,8.0,30.5,239.5,34.5,0,1,16.5,177.5,16.5,1
4.0,38.0,4.0,0,1.0,119.0,1.0,0.5,209.5,0.5,0,1,9.5,182.5,9.5,1
6.0,38.0,8.0,0,4.0,119.0,5.0,4.5,209.5,2.5,0,1,13.5,182.5,12.5,1
7.0,38.0,6.0,0,4.0,119.0,2.0,2.5,209.5,1.5,0,1,12.5,182.5,10.5,1
16.5,50.5,16.5,0,6.0,112.0,6.0,6.5,216.5,6.5,0,1,25.0,167.0,25.0,1
17.5,50.5,21.5,0,7.0,112.0,7.0,10.5,216.5,11.5,0,1,26.0,167.0,30.0,1
17.5,50.5,20.5,0,11.0,112.0,9.0,9.5,216.5,10.5,0,1,30.0,167.0,27.0,1
5.0,39.0,5.0,0,0.0,118.0,0.0,16.0,226.0,16.0,0,1,21.5,170.5,21.5,1
6.0,39.0,10.0,0,2.0,118.0,1.0,20.0,226.0,17.0,0,1,25.5,170.5,22.5,1
7.0,39.0,10.0,0,3.0,118.0,5.0,19.0,226.0,17.0,0,1,26.5,170.5,23.5,1
13.0,47.0,13.0,0,16.0,134.0,16.0,15.0,225.0,15.0,0,1,10.5,181.5,10.5,1
18.0,47.0,15.0,0,21.0,134.0,19.0,18.0,225.0,16.0,0,1,15.5,181.5,12.5,1
17.0,47.0,18.0,0,21.0,134.0,18.0,17.0,225.0,20.0,0,1,12.5,181.5,13.5,1
2.5,36.5,2.5,0,10.0,128.0,10.0,5.0,215.0,5.0,0,1,20.0,172.0,20.0,1
6.5,36.5,4.5,0,11.0,128.0,14.0,6.0,215.0,8.0,0,1,24.0,172.0,25.0,1
6.5,36.5,3.5,0,12.0,128.0,12.0,9.0,215.0,8.0,0,1,24.0,172.0,21.0,1
10.5,44.5,10.5,0,7.0,125.0,7.0,66.0,276.0,66.0,0,1,13.0,179.0,13.0,1
13.5,44.5,12.5,0,10.0,125.0,9.0,71.0,276.0,68.0,0,1,16.0,179.0,18.0,1
12.5,44.5,12.5,0,9.0,125.0,8.0,69.0,276.0,68.0,0,1,16.0,179.0,14.0,1
2.5,44.5,2.5,1,4.0,116.0,4.0,45.5,249.5,45.5,0,1,9.5,152.5,9.5,1
3.5,44.5,5.5,1,9.0,116.0,5.0,50.5,249.5,47.5,0,1,10.5,152.5,11.5,1
3.0,44.0,3.0,1,1.0,111.0,1.0,15.5,219.5,15.5,0,1,5.0,148.0,5.0,1
4.0,44.0,8.0,1,3.0,111.0,5.0,20.5,219.5,17.5,0,1,10.0,148.0,9.0,1
8.0,44.0,7.0,1,4.0,111.0,4.0,16.5,219.5,18.5,0,1,10.0,148.0,8.0,1
1.5,45.5,1.5,1,4.0,116.0,4.0,11.0,215.0,11.0,0,1,13.0,156.0,13.0,1
2.5,44.5,2.5,1,9.0,121.0,9.0,12.0,192.0,12.0,0,1,3.5,146.5,3.5,1
1.0,47.0,5.0,1,13.0,121.0,10.0,27.5,228.5,27.5,0,1,23.0,161.0,22.0,1
6.0,41.0,6.0,1,5.0,117.0,5.0,6.0,198.0,6.0,0,1,15.5,158.5,15.5,1
8.0,41.0,10.0,1,8.0,117.0,9.0,9.0,198.0,7.0,0,1,17.5,158.5,17.5,1
8.0,41.0,7.0,1,9.0,117.0,10.0,7.0,198.0,11.0,0,1,20.5,158.5,17.5,1
4.5,42.5,4.5,1,13.0,125.0,13.0,14.5,189.5,14.5,0,1,15.0,158.0,15.0,1
6.5,42.5,5.5,1,14.0,125.0,17.0,17.5,189.5,17.5,0,1,17.0,158.0,17.0,1
6.5,42.5,9.5,1,18.0,125.0,14.0,19.5,189.5,15.5,0,1,19.0,158.0,17.0,1
4.5,42.5,4.5,1,13.0,125.0,13.0,14.5,189.5,14.5,0,1,15.0,158.0,15.0,1
5.5,42.5,8.5,1,14.0,125.0,14.0,16.5,189.5,18.5,0,1,16.0,158.0,16.0,1
6.5,60.5,6.5,0,4.0,156.0,4.0,38.0,239.0,38.0,0,1,4.5,167.5,4.5,1
11.5,60.5,10.5,0,8.0,156.0,7.0,42.0,239.0,42.0,0,1,8.5,167.5,7.5,1
7.5,60.5,10.5,0,5.0,156.0,9.0,41.0,239.0,41.0,0,1,6.5,167.5,5.5,1
9.0,58.0,9.0,0,9.0,143.0,9.0,3.0,274.0,3.0,0,1,5.0,167.0,5.0,1
12.0,58.0,10.0,0,11.0,143.0,11.0,4.0,274.0,7.0,0,1,10.0,167.0,9.0,1
12.0,58.0,11.0,0,13.0,143.0,11.0,6.0,274.0,7.0,0,1,8.0,167.0,7.0,1
13.0,54.0,13.0,0,13.0,139.0,13.0,14.5,291.5,14.5,0,1,4.5,167.5,4.5,1
16.0,54.0,14.0,0,17.0,139.0,18.0,18.5,291.5,15.5,0,1,6.5,167.5,8.5,1
18.0,54.0,17.0,0,17.0,139.0,18.0,19.5,291.5,17.5,0,1,9.5,167.5,7.5,1
9.0,58.0,9.0,0,11.0,141.0,11.0,4.0,273.0,4.0,0,1,4.5,167.5,4.5,1
13.0,58.0,14.0,0,16.0,141.0,13.0,9.0,273.0,5.0,0,1,6.5,167.5,8.5,1
10.0,58.0,13.0,0,12.0,141.0,12.0,9.0,273.0,9.0,0,1,5.5,167.5,6.5,1
12.5,54.5,12.5,0,16.0,136.0,16.0,34.0,243.0,34.0,0,1,0.5,172.5,0.5,1
16.5,54.5,14.5,0,18.0,136.0,17.0,39.0,243.0,36.0,0,1,3.5,172.5,4.5,1
16.5,54.5,13.5,0,18.0,136.0,19.0,36.0,243.0,38.0,0,1,5.5,172.5,1.5,1
5.0,67.0,3.0,0,27.0,129.0,26.0,28.0,250.0,31.0,0,1,17.0,157.0,20.0,1
2.0,67.0,4.0,0,28.0,129.0,24.0,29.0,250.0,31.0,0,1,20.0,157.0,16.0,1
4.5,71.5,4.5,0,6.0,146.0,6.0,40.0,237.0,40.0,0,1,28.0,144.0,28.0,1
9.5,71.5,8.5,0,7.0,146.0,9.0,43.0,237.0,42.0,0,1,30.0,144.0,31.0,1
8.5,71.5,7.5,0,7.0,146.0,11.0,45.0,237.0,44.0,0,1,31.0,144.0,32.0,1
3.5,63.5,3.5,0,1.0,151.0,1.0,18.5,258.5,18.5,0,1,0.5,171.5,0.5,1
6.5,63.5,8.5,0,3.0,151.0,6.0,22.5,258.5,19.5,0,1,2.5,171.5,1.5,1
8.5,63.5,7.5,0,2.0,151.0,3.0,23.5,258.5,19.5,0,1,4.5,171.5,5.5,1
6.0,61.0,6.0,0,10.0,142.0,10.0,32.5,309.5,32.5,0,1,3.0,169.0,3.0,1
10.0,61.0,9.0,0,15.0,142.0,11.0,35.5,309.5,35.5,0,1,5.0,169.0,8.0,1
9.0,61.0,8.0,0,15.0,142.0,14.0,34.5,309.5,36.5,0,1,7.0,169.0,4.0,1
11.0,63.0,11.0,0,8.0,128.0,8.0,36.5,232.5,36.5,0,0,24.0,145.0,24.0,1
12.0,63.0,13.0,0,9.0,128.0,9.0,40.5,232.5,40.5,0,0,25.0,145.0,27.0,1
0.5,51.5,0.5,0,8.0,128.0,8.0,49.5,245.5,49.5,0,0,6.0,163.0,6.0,1
4.5,51.5,4.5,0,11.0,128.0,11.0,52.5,245.5,50.5,0,0,10.0,163.0,10.0,1
3.5,51.5,3.5,0,9.0,128.0,13.0,52.5,245.5,54.5,0,0,7.0,163.0,8.0,1
11.5,62.5,11.5,0,0.0,120.0,0.0,13.0,282.0,13.0,0,0,18.0,139.0,18.0,1
12.5,62.5,12.5,0,5.0,120.0,3.0,14.0,282.0,16.0,0,0,21.0,139.0,21.0,1
12.5,62.5,13.5,0,5.0,120.0,5.0,14.0,282.0,17.0,0,0,20.0,139.0,22.0,1
4.0,70.0,4.0,0,13.0,133.0,13.0,4.5,273.5,4.5,0,0,15.5,136.5,15.5,1
9.0,70.0,9.0,0,17.0,133.0,16.0,7.5,273.5,7.5,0,0,20.5,136.5,19.5,1
5.0,70.0,5.0,0,15.0,133.0,17.0,6.5,273.5,8.5,0,0,17.5,136.5,19.5,1
2.5,51.5,2.5,0,13.0,147.0,13.0,35.0,236.0,35.0,0,1,0.5,162.5,0.5,1
7.5,51.5,5.5,0,18.0,147.0,14.0,37.0,236.0,36.0,0,1,1.5,162.5,2.5,1
7.5,51.5,5.5,0,15.0,147.0,14.0,38.0,236.0,40.0,0,1,3.5,162.5,4.5,1
6.5,47.5,6.5,0,17.0,143.0,17.0,52.5,253.5,52.5,0,1,0.0,163.0,0.0,1
7.5,47.5,10.5,0,18.0,143.0,19.0,53.5,253.5,54.5,0,1,4.0,163.0,4.0,1
8.5,47.5,7.5,0,18.0,143.0,18.0,53.5,253.5,55.5,0,1,1.0,163.0,2.0,1
2.5,51.5,2.5,0,15.0,145.0,15.0,34.0,235.0,34.0,0,1,0.0,163.0,0.0,1
5.5,51.5,3.5,0,19.0,145.0,17.0,37.0,235.0,35.0,0,1,2.0,163.0,5.0,1
3.5,51.5,3.5,0,16.0,145.0,18.0,37.0,235.0,37.0,0,1,5.0,163.0,2.0,1
6.0,48.0,6.0,0,20.0,140.0,20.0,4.0,205.0,4.0,0,1,5.0,168.0,5.0,1
7.0,48.0,11.0,0,22.0,140.0,21.0,6.0,205.0,6.0,0,1,7.0,168.0,8.0,1
7.0,48.0,11.0,0,22.0,140.0,21.0,5.0,205.0,7.0,0,1,6.0,168.0,6.0,1
6.5,60.5,6.5,0,27.0,133.0,27.0,11.0,212.0,11.0,0,1,10.5,152.5,10.5,1
10.5,60.5,7.5,0,31.0,133.0,31.0,13.0,212.0,16.0,0,1,11.5,152.5,14.5,1
10.5,60.5,10.5,0,28.0,133.0,32.0,12.0,212.0,15.0,0,1,15.5,152.5,14.5,1
11.0,65.0,11.0,0,10.0,150.0,10.0,2.0,199.0,2.0,0,1,23.5,139.5,23.5,1
12.0,65.0,13.0,0,13.0,150.0,13.0,5.0,199.0,3.0,0,1,24.5,139.5,26.5,1
15.0,65.0,13.0,0,14.0,150.0,14.0,7.0,199.0,6.0,0,1,26.5,139.5,25.5,1
5.0,49.0,5.0,0,21.0,139.0,21.0,20.5,221.5,20.5,0,1,7.0,156.0,7.0,1
7.0,49.0,9.0,0,24.0,139.0,23.0,23.5,221.5,22.5,0,1,12.0,156.0,12.0,1
6.0,49.0,9.0,0,22.0,139.0,26.0,22.5,221.5,24.5,0,1,11.0,156.0,9.0,1
3.0,57.0,3.0,0,5.0,155.0,5.0,19.5,220.5,19.5,0,1,4.0,167.0,4.0,1
7.0,57.0,5.0,0,9.0,155.0,6.0,22.5,220.5,22.5,0,1,5.0,167.0,6.0,1
7.0,57.0,8.0,0,9.0,155.0,9.0,21.5,220.5,23.5,0,1,8.0,167.0,5.0,1
7.5,46.5,7.5,0,11.0,149.0,11.0,9.5,210.5,9.5,0,1,5.5,157.5,5.5,1
10.5,46.5,10.5,0,12.0,149.0,16.0,10.5,210.5,12.5,0,1,8.5,157.5,6.5,1
10.5,46.5,9.5,0,14.0,149.0,13.0,10.5,210.5,11.5,0,1,8.5,157.5,7.5,1
0.5,54.5,0.5,0,14.0,146.0,14.0,70.5,271.5,70.5,0,1,1.5,164.5,1.5,1
2.5,54.5,1.5,0,17.0,146.0,15.0,73.5,271.5,73.5,0,1,2.5,164.5,2.5,1
2.5,54.5,4.5,0,16.0,146.0,19.0,75.5,271.5,74.5,0,1,2.5,164.5,2.5,1
4.0,45.0,4.0,0,4.0,130.0,4.0,17.5,288.5,17.5,0,1,0.5,162.5,0.5,1
6.0,45.0,6.0,0,5.0,130.0,7.0,19.5,288.5,22.5,0,1,5.5,162.5,5.5,1
5.0,45.0,8.0,0,9.0,130.0,5.0,19.5,288.5,19.5,0,1,3.5,162.5,3.5,1
5.0,49.0,5.0,0,4.0,132.0,6.0,6.0,270.0,2.0,0,1,2.5,162.5,5.5,1
2.0,49.0,5.0,0,3.0,132.0,3.0,2.0,270.0,3.0,0,1,4.5,162.5,2.5,1
3.5,45.5,3.5,0,7.0,127.0,7.0,31.0,240.0,31.0,0,1,5.5,167.5,5.5,1
8.5,45.5,7.5,0,9.0,127.0,9.0,34.0,240.0,33.0,0,1,8.5,167.5,10.5,1
6.5,45.5,5.5,0,8.0,127.0,9.0,36.0,240.0,35.0,0,1,9.5,167.5,8.5,1
9.0,58.0,9.0,0,14.0,120.0,14.0,24.0,247.0,24.0,0,1,10.0,152.0,10.0,1
12.0,58.0,13.0,0,18.0,120.0,19.0,27.0,247.0,28.0,0,1,15.0,152.0,15.0,1
12.0,58.0,10.0,0,16.0,120.0,18.0,27.0,247.0,25.0,0,1,12.0,152.0,12.0,1
2.5,46.5,2.5,0,8.0,126.0,8.0,14.5,256.5,14.5,0,1,6.5,155.5,6.5,1
5.5,46.5,6.5,0,12.0,126.0,13.0,16.5,256.5,19.5,0,1,10.5,155.5,11.5,1
7.5,46.5,3.5,0,9.0,126.0,11.0,15.5,256.5,16.5,0,1,11.5,155.5,7.5,1
5.5,54.5,5.5,0,8.0,142.0,8.0,15.5,255.5,15.5,0,1,4.5,166.5,4.5,1
7.5,54.5,6.5,0,12.0,142.0,10.0,17.5,255.5,16.5,0,1,8.5,166.5,9.5,1
8.5,54.5,8.5,0,10.0,142.0,12.0,17.5,255.5,20.5,0,1,8.5,166.5,6.5,1
5.0,44.0,5.0,0,2.0,136.0,2.0,25.5,245.5,25.5,0,1,5.0,157.0,5.0,1
8.0,44.0,9.0,0,4.0,136.0,6.0,29.5,245.5,29.5,0,1,9.0,157.0,7.0,1
10.0,44.0,8.0,0,3.0,136.0,7.0,30.5,245.5,29.5,0,1,10.0,157.0,7.0,1
3.0,52.0,3.0,0,1.0,133.0,1.0,35.5,306.5,35.5,0,1,2.0,164.0,2.0,1
7.0,52.0,7.0,0,5.0,133.0,5.0,40.5,306.5,36.5,0,1,4.0,164.0,3.0,1
7.0,52.0,4.0,0,5.0,133.0,2.0,39.5,306.5,40.5,0,1,3.0,164.0,7.0,1
0.5,41.5,0.5,1,5.0,115.0,5.0,30.0,265.0,30.0,0,1,4.5,157.5,4.5,1
5.5,41.5,1.5,1,10.0,115.0,6.0,34.0,265.0,32.0,0,1,9.5,157.5,9.5,1
11.0,53.0,11.0,1,4.0,124.0,4.0,16.0,279.0,16.0,0,1,28.5,133.5,28.5,1
1.0,43.0,1.0,1,0.0,120.0,0.0,34.5,260.5,34.5,0,1,3.5,165.5,3.5,1
4.0,43.0,2.0,1,4.0,120.0,1.0,38.5,260.5,38.5,0,1,8.5,165.5,8.5,1
6.0,43.0,5.0,1,1.0,120.0,1.0,36.5,260.5,36.5,0,1,7.5,165.5,5.5,1
4.0,42.0,2.0,1,9.0,125.0,6.0,62.5,237.5,58.5,0,1,11.0,156.0,11.0,1
4.0,42.0,3.0,1,9.0,125.0,7.0,62.5,237.5,60.5,0,1,11.0,156.0,9.0,1
2.5,44.5,2.5,1,5.0,125.0,5.0,21.0,274.0,21.0,0,1,8.5,170.5,8.5,1
6.5,44.5,5.5,1,10.0,125.0,9.0,26.0,274.0,24.0,0,1,10.5,170.5,9.5,1
5.5,44.5,3.5,1,6.0,125.0,7.0,22.0,274.0,23.0,0,1,12.5,170.5,13.5,1
3.5,38.5,3.5,1,1.0,121.0,1.0,51.5,243.5,51.5,0,1,6.0,168.0,6.0,1
4.5,38.5,4.5,1,2.0,121.0,3.0,55.5,243.5,55.5,0,1,9.0,168.0,10.0,1
7.5,38.5,8.5,1,5.0,121.0,3.0,53.5,243.5,55.5,0,1,8.0,168.0,11.0,1
0.5,41.5,0.5,1,0.0,120.0,0.0,69.0,226.0,69.0,0,1,10.0,172.0,10.0,1
2.0,40.0,2.0,1,9.0,129.0,9.0,60.0,235.0,60.0,0,1,5.5,167.5,5.5,1
3.0,40.0,6.0,1,12.0,129.0,11.0,65.0,235.0,64.0,0,1,8.5,167.5,6.5,1
7.0,40.0,5.0,1,14.0,129.0,12.0,62.0,235.0,62.0,0,1,9.5,167.5,6.5,1
2.0,40.0,2.0,1,9.0,129.0,9.0,60.0,235.0,60.0,0,1,5.5,167.5,5.5,1
3.0,40.0,6.0,1,12.0,129.0,14.0,61.0,235.0,63.0,0,1,7.5,167.5,9.5,1
5.0,40.0,3.0,1,10.0,129.0,13.0,62.0,235.0,61.0,0,1,9.5,167.5,10.5,1
1.5,42.5,1.5,1,5.0,115.0,5.0,4.5,230.5,4.5,0,1,8.0,161.0,8.0,1
2.5,42.5,2.5,1,8.0,115.0,8.0,6.5,230.5,7.5,0,1,12.0,161.0,9.0,1
3.5,42.5,2.5,1,9.0,115.0,6.0,8.5,230.5,5.5,0,1,9.0,161.0,13.0,1
0.5,41.5,0.5,1,10.0,120.0,10.0,27.5,207.5,27.5,0,1,1.5,151.5,1.5,1
4.5,41.5,5.5,1,12.0,120.0,14.0,29.5,207.5,32.5,0,1,6.5,151.5,5.5,1
2.5,41.5,5.5,1,12.0,120.0,13.0,30.5,207.5,29.5,0,1,5.5,151.5,4.5,1
3.0,44.0,3.0,1,10.0,120.0,10.0,9.0,244.0,9.0,0,1,13.0,166.0,13.0,1
3.0,38.0,3.0,1,6.0,116.0,6.0,21.5,213.5,21.5,0,1,10.5,163.5,10.5,1
7.0,38.0,5.0,1,10.0,116.0,7.0,26.5,213.5,23.5,0,1,15.5,163.5,12.5,1
7.0,38.0,8.0,1,10.0,116.0,10.0,26.5,213.5,22.5,0,1,12.5,163.5,11.5,1
1.5,39.5,1.5,1,14.0,124.0,14.0,30.0,205.0,30.0,0,1,10.0,163.0,10.0,1
3.5,39.5,2.5,1,19.0,124.0,16.0,33.0,205.0,33.0,0,1,15.0,163.0,14.0,1
3.5,39.5,3.5,1,19.0,124.0,18.0,33.0,205.0,32.0,0,1,11.0,163.0,15.0,1
1.5,39.5,1.5,1,14.0,124.0,14.0,30.0,205.0,30.0,0,1,10.0,163.0,10.0,1
4.5,39.5,4.5,1,19.0,124.0,16.0,31.0,205.0,34.0,0,1,14.0,163.0,11.0,1
6.5,39.5,6.5,1,19.0,124.0,17.0,33.0,205.0,35.0,0,1,15.0,163.0,13.0,1
4.0,45.0,4.0,0,2.0,128.0,2.0,18.5,287.5,18.5,0,1,0.0,163.0,0.0,1
5.0,45.0,9.0,0,3.0,128.0,5.0,20.5,287.5,21.5,0,1,2.0,163.0,2.0,1
5.0,45.0,6.0,0,5.0,128.0,3.0,22.5,287.5,20.5,0,1,4.0,163.0,4.0,1
0.5,41.5,0.5,0,3.0,123.0,3.0,48.5,257.5,48.5,0,1,5.0,168.0,5.0,1
2.5,41.5,3.5,0,7.0,123.0,5.0,53.5,257.5,52.5,0,1,10.0,168.0,9.0,1
1.5,41.5,1.5,0,7.0,123.0,7.0,52.5,257.5,53.5,0,1,6.0,168.0,7.0,1
13.0,54.0,13.0,0,10.0,116.0,10.0,41.5,264.5,41.5,0,1,10.5,152.5,10.5,1
14.0,54.0,16.0,0,12.0,116.0,14.0,46.5,264.5,43.5,0,1,12.5,152.5,11.5,1
1.5,42.5,1.5,0,4.0,122.0,4.0,32.0,274.0,32.0,0,1,7.0,156.0,7.0,1
6.5,42.5,6.5,0,9.0,122.0,8.0,35.0,274.0,35.0,0,1,11.0,156.0,11.0,1
6.5,42.5,6.5,0,8.0,122.0,9.0,36.0,274.0,35.0,0,1,8.0,156.0,12.0,1
9.5,50.5,9.5,0,12.0,138.0,12.0,33.0,273.0,33.0,0,1,4.0,167.0,4.0,1
14.5,50.5,14.5,0,15.0,138.0,17.0,37.0,273.0,35.0,0,1,9.0,167.0,8.0,1
10.5,50.5,13.5,0,13.0,138.0,13.0,35.0,273.0,37.0,0,1,6.0,167.0,6.0,1
1.0,40.0,1.0,0,6.0,132.0,6.0,43.0,263.0,43.0,0,1,5.5,157.5,5.5,1
5.0,40.0,2.0,0,7.0,132.0,7.0,44.0,263.0,48.0,0,1,8.5,157.5,6.5,1
3.0,40.0,5.0,0,11.0,132.0,9.0,47.0,263.0,45.0,0,1,10.5,157.5,7.5,1
7.0,48.0,7.0,0,3.0,129.0,3.0,18.0,324.0,18.0,0,1,1.5,164.5,1.5,1
10.0,48.0,9.0,0,4.0,129.0,4.0,20.0,324.0,19.0,0,1,3.5,164.5,2.5,1
9.0,48.0,8.0,0,6.0,129.0,6.0,22.0,324.0,19.0,0,1,3.5,164.5,3.5,1
3.5,45.5,3.5,0,5.0,125.0,5.0,30.0,239.0,30.0,0,1,5.0,168.0,5.0,1
4.5,45.5,5.5,0,9.0,125.0,8.0,34.0,239.0,31.0,0,1,6.0,168.0,8.0,1
5.5,45.5,5.5,0,10.0,125.0,10.0,34.0,239.0,34.0,0,1,9.0,168.0,6.0,1
9.0,58.0,9.0,0,12.0,118.0,12.0,23.0,246.0,23.0,0,1,10.5,152.5,10.5,1
12.0,58.0,10.0,0,13.0,118.0,15.0,26.0,246.0,24.0,0,1,13.5,152.5,15.5,1
11.0,58.0,11.0,0,17.0,118.0,16.0,26.0,246.0,28.0,0,1,11.5,152.5,14.5,1
2.5,46.5,2.5,0,6.0,124.0,6.0,13.5,255.5,13.5,0,1,7.0,156.0,7.0,1
3.5,46.5,6.5,0,10.0,124.0,8.0,18.5,255.5,14.5,0,1,10.0,156.0,9.0,1
5.5,46.5,5.5,0,7.0,124.0,11.0,15.5,255.5,15.5,0,1,12.0,156.0,8.0,1
5.5,54.5,5.5,0,10.0,140.0,10.0,14.5,254.5,14.5,0,1,4.0,167.0,4.0,1
7.5,54.5,10.5,0,11.0,140.0,15.0,17.5,254.5,19.5,0,1,7.0,167.0,5.0,1
10.5,54.5,8.5,0,13.0,140.0,13.0,16.5,254.5,16.5,0,1,5.0,167.0,8.0,1
5.0,44.0,5.0,0,4.0,134.0,4.0,24.5,244.5,24.5,0,1,5.5,157.5,5.5,1
6.0,44.0,9.0,0,5.0,134.0,9.0,26.5,244.5,29.5,0,1,10.5,157.5,6.5,1
6.0,44.0,8.0,0,5.0,134.0,8.0,27.5,244.5,25.5,0,1,6.5,157.5,9.5,1
3.0,52.0,3.0,0,1.0,131.0,1.0,36.5,305.5,36.5,0,1,1.5,164.5,1.5,1
7.0,52.0,5.0,0,5.0,131.0,2.0,41.5,305.5,40.5,0,1,3.5,164.5,4.5,1
5.0,52.0,8.0,0,6.0,131.0,6.0,40.5,305.5,41.5,0,1,3.5,164.5,4.5,1
7.5,58.5,7.5,0,13.0,133.0,13.0,8.5,286.5,8.5,0,0,2.5,154.5,2.5,1
10.5,58.5,12.5,0,18.0,133.0,15.0,13.5,286.5,12.5,0,0,4.5,154.5,6.5,1
9.5,58.5,11.5,0,15.0,133.0,14.0,12.5,286.5,9.5,0,0,5.5,154.5,3.5,1
12.5,54.5,12.5,0,7.0,113.0,7.0,7.0,216.0,7.0,0,1,15.5,157.5,15.5,1
15.5,54.5,13.5,0,9.0,113.0,12.0,12.0,216.0,11.0,0,1,18.5,157.5,16.5,1
17.5,54.5,14.5,0,9.0,113.0,9.0,12.0,216.0,9.0,0,1,19.5,157.5,18.5,1
1.0,43.0,1.0,0,1.0,119.0,1.0,16.5,225.5,16.5,0,1,12.0,161.0,12.0,1
6.0,43.0,2.0,0,5.0,119.0,3.0,18.5,225.5,18.5,0,1,15.0,161.0,14.0,1
2.0,43.0,2.0,0,2.0,119.0,3.0,20.5,225.5,18.5,0,1,13.0,161.0,17.0,1
9.0,51.0,9.0,0,15.0,135.0,15.0,15.5,224.5,15.5,0,1,1.0,172.0,1.0,1
14.0,51.0,14.0,0,20.0,135.0,19.0,20.5,224.5,16.5,0,1,5.0,172.0,6.0,1
14.0,51.0,12.0,0,20.0,135.0,17.0,16.5,224.5,20.5,0,1,3.0,172.0,6.0,1
1.5,40.5,1.5,0,9.0,129.0,9.0,5.5,214.5,5.5,0,1,10.5,162.5,10.5,1
2.5,40.5,5.5,0,12.0,129.0,13.0,9.5,214.5,9.5,0,1,15.5,162.5,12.5,1
3.5,40.5,6.5,0,10.0,129.0,10.0,9.5,214.5,10.5,0,1,12.5,162.5,11.5,1
6.5,48.5,6.5,0,6.0,126.0,6.0,66.5,275.5,66.5,0,1,3.5,169.5,3.5,1
10.5,48.5,11.5,0,9.0,126.0,7.0,69.5,275.5,69.5,0,1,7.5,169.5,4.5,1
11.5,48.5,10.5,0,11.0,126.0,10.0,69.5,275.5,70.5,0,1,4.5,169.5,7.5,1
4.5,71.5,4.5,0,17.0,123.0,17.0,13.0,210.0,13.0,0,1,13.0,129.0,13.0,1
9.5,71.5,5.5,0,18.0,123.0,22.0,14.0,210.0,17.0,0,1,15.0,129.0,16.0,1
11.5,55.5,11.5,0,6.0,112.0,6.0,9.5,232.5,9.5,0,1,3.5,145.5,3.5,1
15.5,55.5,15.5,0,10.0,112.0,10.0,10.5,232.5,11.5,0,1,6.5,145.5,8.5,1
12.5,55.5,15.5,0,9.0,112.0,9.0,11.5,232.5,13.5,0,1,6.5,145.5,4.5,1
3.5,63.5,3.5,0,22.0,128.0,22.0,8.5,231.5,8.5,0,1,14.5,156.5,14.5,1
14.0,53.0,14.0,0,16.0,122.0,16.0,1.5,221.5,1.5,0,1,5.0,147.0,5.0,1
18.0,53.0,19.0,0,19.0,122.0,20.0,5.5,221.5,3.5,0,1,8.0,147.0,7.0,1
15.0,53.0,16.0,0,19.0,122.0,21.0,4.5,221.5,6.5,0,1,7.0,147.0,6.0,1
6.0,61.0,6.0,0,13.0,119.0,13.0,59.5,282.5,59.5,0,1,12.0,154.0,12.0,1
8.0,61.0,9.0,0,16.0,119.0,15.0,60.5,282.5,63.5,0,1,16.0,154.0,16.0,1
8.0,61.0,8.0,0,16.0,119.0,16.0,64.5,282.5,62.5,0,1,15.0,154.0,17.0,1
8.0,68.0,8.0,0,5.0,145.0,5.0,21.5,218.5,21.5,0,1,27.5,143.5,27.5,1
11.0,68.0,9.0,0,9.0,145.0,8.0,23.5,218.5,25.5,0,1,29.5,143.5,28.5,1
18.5,57.5,18.5,0,1.0,139.0,1.0,11.5,208.5,11.5,0,1,18.0,134.0,18.0,1
20.5,57.5,21.5,0,6.0,139.0,2.0,14.5,208.5,14.5,0,1,21.0,134.0,19.0,1
20.5,57.5,22.5,0,6.0,139.0,2.0,12.5,208.5,16.5,0,1,23.0,134.0,19.0,1
2.0,68.0,2.0,1,2.0,158.0,2.0,8.5,236.5,8.5,0,0,2.5,140.5,2.5,1
3.0,68.0,4.0,1,6.0,158.0,6.0,10.5,236.5,9.5,0,0,3.5,140.5,6.5,1
7.0,68.0,4.0,1,6.0,158.0,3.0,12.5,236.5,11.5,0,0,7.5,140.5,7.5,1
3.0,67.0,3.0,1,7.0,163.0,7.0,9.0,236.0,9.0,0,0,6.0,149.0,6.0,1
6.0,67.0,6.0,1,8.0,163.0,11.0,13.0,236.0,10.0,0,0,10.0,149.0,10.0,1
5.0,67.0,7.0,1,10.0,163.0,9.0,13.0,236.0,14.0,0,0,8.0,149.0,11.0,1
7.0,63.0,7.0,1,13.0,143.0,13.0,12.0,233.0,12.0,0,0,10.0,153.0,10.0,1
8.0,52.0,8.0,0,16.0,134.0,16.0,1.0,241.0,1.0,0,1,11.0,160.0,11.0,1
9.0,52.0,13.0,0,20.0,134.0,17.0,2.0,241.0,2.0,0,1,12.0,160.0,14.0,1
2.5,41.5,2.5,0,10.0,128.0,10.0,11.0,231.0,11.0,0,1,1.5,150.5,1.5,1
3.5,41.5,3.5,0,13.0,128.0,12.0,14.0,231.0,14.0,0,1,3.5,150.5,2.5,1
5.5,41.5,5.5,0,12.0,128.0,15.0,15.0,231.0,15.0,0,1,5.5,150.5,3.5,1
5.5,49.5,5.5,0,7.0,125.0,7.0,50.0,292.0,50.0,0,1,8.5,157.5,8.5,1
8.5,49.5,7.5,0,11.0,125.0,12.0,51.0,292.0,53.0,0,1,10.5,157.5,12.5,1
10.5,49.5,9.5,0,9.0,125.0,8.0,55.0,292.0,53.0,0,1,9.5,157.5,11.5,1
10.5,49.5,10.5,0,6.0,144.0,6.0,10.0,230.0,10.0,0,1,9.5,161.5,9.5,1
14.5,49.5,12.5,0,7.0,144.0,9.0,13.0,230.0,13.0,0,1,12.5,161.5,12.5,1
2.5,57.5,2.5,0,9.0,141.0,9.0,51.0,291.0,51.0,0,1,2.5,168.5,2.5,1
5.5,57.5,4.5,0,14.0,141.0,13.0,52.0,291.0,55.0,0,1,7.5,168.5,5.5,1
4.5,57.5,4.5,0,12.0,141.0,12.0,52.0,291.0,52.0,0,1,4.5,168.5,4.5,1
1.0,43.0,1.0,1,5.0,125.0,5.0,23.0,203.0,23.0,0,1,9.5,159.5,9.5,1
6.0,43.0,6.0,1,10.0,125.0,10.0,27.0,203.0,25.0,0,1,11.5,159.5,10.5,1
6.0,43.0,2.0,1,6.0,125.0,10.0,24.0,203.0,25.0,0,1,13.5,159.5,14.5,1
1.5,45.5,1.5,1,5.0,125.0,5.0,13.5,239.5,13.5,0,1,5.0,174.0,5.0,1
5.5,45.5,3.5,1,9.0,125.0,6.0,18.5,239.5,14.5,0,1,7.0,174.0,9.0,1
5.5,45.5,4.5,1,9.0,125.0,6.0,15.5,239.5,17.5,0,1,9.0,174.0,9.0,1
4.5,39.5,4.5,1,1.0,121.0,1.0,17.0,209.0,17.0,0,1,2.5,171.5,2.5,1
9.5,39.5,7.5,1,6.0,121.0,3.0,18.0,209.0,20.0,0,1,3.5,171.5,3.5,1
5.5,39.5,9.5,1,2.0,121.0,2.0,20.0,209.0,19.0,0,1,3.5,171.5,4.5,1
1.5,42.5,1.5,1,0.0,120.0,0.0,34.5,191.5,34.5,0,1,6.5,175.5,6.5,1
6.5,42.5,5.5,1,1.0,120.0,3.0,37.5,191.5,38.5,0,1,7.5,175.5,10.5,1
6.5,42.5,2.5,1,4.0,120.0,5.0,35.5,191.5,39.5,0,1,9.5,175.5,7.5,1
3.0,41.0,3.0,1,9.0,129.0,9.0,25.5,200.5,25.5,0,1,2.0,171.0,2.0,1
6.0,41.0,5.0,1,13.0,129.0,12.0,29.5,200.5,29.5,0,1,5.0,171.0,7.0,1
7.0,41.0,4.0,1,11.0,129.0,12.0,28.5,200.5,30.5,0,1,6.0,171.0,5.0,1
3.0,41.0,3.0,1,9.0,129.0,9.0,25.5,200.5,25.5,0,1,2.0,171.0,2.0,1
4.0,41.0,5.0,1,13.0,129.0,11.0,28.5,200.5,29.5,0,1,3.0,171.0,4.0,1
6.0,41.0,5.0,1,13.0,129.0,13.0,27.5,200.5,30.5,0,1,4.0,171.0,5.0,1
2.5,44.5,2.5,1,0.0,130.0,0.0,36.5,216.5,36.5,0,1,14.5,164.5,14.5,1
5.5,44.5,3.5,1,2.0,130.0,2.0,39.5,216.5,37.5,0,1,17.5,164.5,15.5,1
5.5,44.5,7.5,1,4.0,130.0,4.0,38.5,216.5,41.5,0,1,16.5,164.5,17.5,1
3.5,38.5,3.5,1,4.0,126.0,4.0,6.0,186.0,6.0,0,1,12.0,162.0,12.0,1
4.5,38.5,4.5,1,8.0,126.0,6.0,11.0,186.0,11.0,0,1,14.0,162.0,14.0,1
8.5,38.5,5.5,1,6.0,126.0,6.0,9.0,186.0,9.0,0,1,17.0,162.0,17.0,1
0.5,41.5,0.5,1,5.0,125.0,5.0,11.5,168.5,11.5,0,1,16.0,166.0,16.0,1
5.5,41.5,4.5,1,7.0,125.0,7.0,15.5,168.5,13.5,0,1,17.0,166.0,17.0,1
5.5,41.5,1.5,1,6.0,125.0,7.0,13.5,168.5,13.5,0,1,17.0,166.0,20.0,1
2.0,40.0,2.0,1,4.0,134.0,4.0,2.5,177.5,2.5,0,1,11.5,161.5,11.5,1
4.0,40.0,3.0,1,7.0,134.0,6.0,7.5,177.5,5.5,0,1,13.5,161.5,12.5,1
3.0,40.0,4.0,1,7.0,134.0,7.0,7.5,177.5,7.5,0,1,14.5,161.5,15.5,1
2.0,40.0,2.0,1,4.0,134.0,4.0,2.5,177.5,2.5,0,1,11.5,161.5,11.5,1
5.0,40.0,7.0,1,5.0,134.0,8.0,4.5,177.5,4.5,0,1,14.5,161.5,14.5,1
6.0,40.0,6.0,1,5.0,134.0,8.0,5.5,177.5,3.5,0,1,15.5,161.5,12.5,1
1.0,65.0,1.0,1,5.0,165.0,5.0,0.5,227.5,0.5,0,0,8.5,146.5,8.5,1
2.0,65.0,4.0,1,8.0,165.0,10.0,1.5,227.5,4.5,0,0,13.5,146.5,11.5,1
2.0,65.0,5.0,1,7.0,165.0,10.0,2.5,227.5,2.5,0,0,12.5,146.5,12.5,1
5.0,61.0,5.0,1,15.0,145.0,15.0,3.5,224.5,3.5,0,0,12.5,150.5,12.5,1
10.0,61.0,8.0,1,17.0,145.0,17.0,4.5,224.5,5.5,0,0,16.5,150.5,14.5,1
4.0,60.0,4.0,1,20.0,150.0,20.0,3.0,224.0,3.0,0,0,4.0,159.0,4.0,1
5.0,60.0,7.0,1,21.0,150.0,25.0,6.0,224.0,4.0,0,0,5.0,159.0,5.0,1
8.0,60.0,6.0,1,24.0,150.0,22.0,7.0,224.0,4.0,0,0,5.0,159.0,6.0,1
8.0,47.0,8.0,0,3.0,135.0,3.0,61.0,281.0,61.0,0,1,7.0,159.0,7.0,1
12.0,47.0,12.0,0,6.0,135.0,6.0,65.0,281.0,65.0,0,1,11.0,159.0,12.0,1
13.0,47.0,10.0,0,5.0,135.0,8.0,64.0,281.0,63.0,0,1,8.0,159.0,9.0,1
6.0,41.0,6.0,1,4.0,126.0,4.0,30.5,222.5,30.5,0,1,2.5,176.5,2.5,1
3.0,44.0,3.0,1,5.0,125.0,5.0,48.0,205.0,48.0,0,1,1.5,180.5,1.5,1
5.0,44.0,5.0,1,8.0,125.0,7.0,50.0,205.0,51.0,0,1,4.5,180.5,3.5,1
4.5,42.5,4.5,1,4.0,134.0,4.0,39.0,214.0,39.0,0,1,3.0,176.0,3.0,1
5.5,42.5,9.5,1,7.0,134.0,7.0,44.0,214.0,42.0,0,1,4.0,176.0,8.0,1
7.5,42.5,8.5,1,5.0,134.0,6.0,41.0,214.0,40.0,0,1,8.0,176.0,6.0,1
4.5,42.5,4.5,1,4.0,134.0,4.0,39.0,214.0,39.0,0,1,3.0,176.0,3.0,1
5.5,42.5,9.5,1,8.0,134.0,8.0,40.0,214.0,40.0,0,1,7.0,176.0,7.0,1
7.5,42.5,7.5,1,9.0,134.0,9.0,44.0,214.0,43.0,0,1,7.0,176.0,4.0,1
3.0,38.0,3.0,1,1.0,121.0,1.0,17.5,174.5,17.5,0,1,4.0,178.0,4.0,1
7.0,38.0,7.0,1,6.0,121.0,6.0,20.5,174.5,20.5,0,1,5.0,178.0,9.0,1
6.0,38.0,7.0,1,6.0,121.0,6.0,21.5,174.5,22.5,0,1,8.0,178.0,6.0,1
1.5,36.5,1.5,1,8.0,130.0,8.0,8.5,183.5,8.5,0,1,0.5,173.5,0.5,1
6.5,36.5,2.5,1,10.0,130.0,10.0,11.5,183.5,12.5,0,1,3.5,173.5,1.5,1
2.5,36.5,6.5,1,12.0,130.0,11.0,12.5,183.5,11.5,0,1,1.5,173.5,2.5,1
1.5,36.5,1.5,1,8.0,130.0,8.0,8.5,183.5,8.5,0,1,0.5,173.5,0.5,1
4.5,36.5,3.5,1,10.0,130.0,10.0,9.5,183.5,9.5,0,1,4.5,173.5,3.5,1
6.5,36.5,6.5,1,11.0,130.0,9.0,12.5,183.5,10.5,0,1,3.5,173.5,5.5,1
1.5,39.5,1.5,1,9.0,129.0,9.0,9.0,166.0,9.0,0,1,4.5,177.5,4.5,1
3.5,39.5,4.5,1,10.0,129.0,11.0,11.0,166.0,13.0,0,1,5.5,177.5,5.5,1
2.5,39.5,6.5,1,12.0,129.0,13.0,12.0,166.0,10.0,0,1,9.5,177.5,8.5,1
1.5,39.5,1.5,1,9.0,129.0,9.0,9.0,166.0,9.0,0,1,4.5,177.5,4.5,1
5.5,39.5,3.5,1,13.0,129.0,13.0,11.0,166.0,14.0,0,1,9.5,177.5,8.5,1
5.5,39.5,3.5,1,10.0,129.0,13.0,13.0,166.0,14.0,0,1,7.5,177.5,8.5,1
1.0,38.0,2.0,1,1.0,138.0,5.0,5.0,175.0,2.0,0,1,2.0,173.0,1.0,1
5.0,38.0,4.0,1,4.0,138.0,1.0,5.0,175.0,3.0,0,1,2.0,173.0,3.0,1
0.0,63.0,0.0,1,0.0,145.0,0.0,0.0,233.0,0.0,1,0,0.0,150.0,0.0,1
0.0,37.0,0.0,1,0.0,130.0,0.0,0.0,250.0,0.0,0,1,0.0,187.0,0.0,1
0.0,41.0,0.0,0,0.0,130.0,0.0,0.0,204.0,0.0,0,0,0.0,172.0,0.0,1
0.0,56.0,0.0,1,0.0,120.0,0.0,0.0,236.0,0.0,0,1,0.0,178.0,0.0,1
0.0,57.0,0.0,1,0.0,140.0,0.0,0.0,192.0,0.0,0,1,0.0,148.0,0.0,1
0.0,56.0,0.0,0,0.0,140.0,0.0,0.0,294.0,0.0,0,0,0.0,153.0,0.0,1
0.0,44.0,0.0,1,0.0,120.0,0.0,0.0,263.0,0.0,0,1,0.0,173.0,0.0,1
0.0,54.0,0.0,1,0.0,140.0,0.0,0.0,239.0,0.0,0,1,0.0,160.0,0.0,1
0.0,48.0,0.0,0,0.0,130.0,0.0,0.0,275.0,0.0,0,1,0.0,139.0,0.0,1
0.0,64.0,0.0,1,0.0,110.0,0.0,0.0,211.0,0.0,0,0,0.0,144.0,0.0,1
0.0,58.0,0.0,0,0.0,150.0,0.0,0.0,283.0,0.0,1,0,0.0,162.0,0.0,1
0.0,50.0,0.0,0,0.0,120.0,0.0,0.0,219.0,0.0,0,1,0.0,158.0,0.0,1
0.0,58.0,0.0,0,0.0,120.0,0.0,0.0,340.0,0.0,0,1,0.0,172.0,0.0,1
0.0,66.0,0.0,0,0.0,150.0,0.0,0.0,226.0,0.0,0,1,0.0,114.0,0.0,1
0.0,43.0,0.0,1,0.0,150.0,0.0,0.0,247.0,0.0,0,1,0.0,171.0,0.0,1
0.0,69.0,0.0,0,0.0,140.0,0.0,0.0,239.0,0.0,0,1,0.0,151.0,0.0,1
0.0,59.0,0.0,1,0.0,135.0,0.0,0.0,234.0,0.0,0,1,0.0,161.0,0.0,1
0.0,42.0,0.0,1,0.0,140.0,0.0,0.0,226.0,0.0,0,1,0.0,178.0,0.0,1
0.0,61.0,0.0,1,0.0,150.0,0.0,0.0,243.0,0.0,1,1,0.0,137.0,0.0,1
0.0,40.0,0.0,1,0.0,140.0,0.0,0.0,199.0,0.0,0,1,0.0,178.0,0.0,1
0.0,71.0,0.0,0,0.0,160.0,0.0,0.0,302.0,0.0,0,1,0.0,162.0,0.0,1
0.0,59.0,0.0,1,0.0,150.0,0.0,0.0,212.0,0.0,1,1,0.0,157.0,0.0,1
0.0,51.0,0.0,1,0.0,110.0,0.0,0.0,175.0,0.0,0,1,0.0,123.0,0.0,1
0.0,53.0,0.0,1,0.0,130.0,0.0,0.0,197.0,0.0,1,0,0.0,152.0,0.0,1
0.0,41.0,0.0,0,0.0,105.0,0.0,0.0,198.0,0.0,0,1,0.0,168.0,0.0,1
0.0,65.0,0.0,1,0.0,120.0,0.0,0.0,177.0,0.0,0,1,0.0,140.0,0.0,1
0.0,44.0,0.0,1,0.0,130.0,0.0,0.0,219.0,0.0,0,0,0.0,188.0,0.0,1
0.0,54.0,0.0,1,0.0,125.0,0.0,0.0,273.0,0.0,0,0,0.0,152.0,0.0,1
0.0,51.0,0.0,1,0.0,125.0,0.0,0.0,213.0,0.0,0,0,0.0,125.0,0.0,1
0.0,46.0,0.0,0,0.0,142.0,0.0,0.0,177.0,0.0,0,0,0.0,160.0,0.0,1
0.0,65.0,0.0,0,0.0,155.0,0.0,0.0,269.0,0.0,0,1,0.0,148.0,0.0,1
0.0,65.0,0.0,0,0.0,160.0,0.0,0.0,360.0,0.0,0,0,0.0,151.0,0.0,1
0.0,51.0,0.0,0,0.0,140.0,0.0,0.0,308.0,0.0,0,0,0.0,142.0,0.0,1
0.0,48.0,0.0,1,0.0,130.0,0.0,0.0,245.0,0.0,0,0,0.0,180.0,0.0,1
0.0,53.0,0.0,0,0.0,130.0,0.0,0.0,264.0,0.0,0,0,0.0,143.0,0.0,1
0.0,39.0,0.0,1,0.0,140.0,0.0,0.0,321.0,0.0,0,0,0.0,182.0,0.0,1
0.0,52.0,0.0,1,0.0,120.0,0.0,0.0,325.0,0.0,0,1,0.0,172.0,0.0,1
0.0,47.0,0.0,1,0.0,138.0,0.0,0.0,257.0,0.0,0,0,0.0,156.0,0.0,1
0.0,53.0,0.0,0,0.0,138.0,0.0,0.0,234.0,0.0,0,0,0.0,160.0,0.0,1
0.0,51.0,0.0,0,0.0,130.0,0.0,0.0,256.0,0.0,0,0,0.0,149.0,0.0,1
0.0,62.0,0.0,1,0.0,130.0,0.0,0.0,231.0,0.0,0,1,0.0,146.0,0.0,1
0.0,44.0,0.0,0,0.0,108.0,0.0,0.0,141.0,0.0,0,1,0.0,175.0,0.0,1
0.0,63.0,0.0,0,0.0,135.0,0.0,0.0,252.0,0.0,0,0,0.0,172.0,0.0,1
0.0,52.0,0.0,1,0.0,134.0,0.0,0.0,201.0,0.0,0,1,0.0,158.0,0.0,1
0.0,45.0,0.0,1,0.0,115.0,0.0,0.0,260.0,0.0,0,0,0.0,185.0,0.0,1
0.0,57.0,0.0,0,0.0,128.0,0.0,0.0,303.0,0.0,0,0,0.0,159.0,0.0,1
0.0,71.0,0.0,0,0.0,110.0,0.0,0.0,265.0,0.0,1,0,0.0,130.0,0.0,1
0.0,54.0,0.0,1,0.0,108.0,0.0,0.0,309.0,0.0,0,1,0.0,156.0,0.0,1
0.0,52.0,0.0,1,0.0,118.0,0.0,0.0,186.0,0.0,0,0,0.0,190.0,0.0,1
0.0,58.0,0.0,1,0.0,140.0,0.0,0.0,211.0,0.0,1,0,0.0,165.0,0.0,1
0.0,35.0,0.0,0,0.0,138.0,0.0,0.0,183.0,0.0,0,1,0.0,182.0,0.0,1
0.0,45.0,0.0,0,0.0,130.0,0.0,0.0,234.0,0.0,0,0,0.0,175.0,0.0,1
0.0,44.0,0.0,1,0.0,120.0,0.0,0.0,220.0,0.0,0,1,0.0,170.0,0.0,1
0.0,62.0,0.0,0,0.0,124.0,0.0,0.0,209.0,0.0,0,1,0.0,163.0,0.0,1
0.0,54.0,0.0,1,0.0,120.0,0.0,0.0,258.0,0.0,0,0,0.0,147.0,0.0,1
0.0,51.0,0.0,1,0.0,94.0,0.0,0.0,227.0,0.0,0,1,0.0,154.0,0.0,1
0.0,29.0,0.0,1,0.0,130.0,0.0,0.0,204.0,0.0,0,0,0.0,202.0,0.0,1
0.0,51.0,0.0,1,0.0,140.0,0.0,0.0,261.0,0.0,0,0,0.0,186.0,0.0,1
0.0,43.0,0.0,0,0.0,122.0,0.0,0.0,213.0,0.0,0,1,0.0,165.0,0.0,1
0.0,55.0,0.0,0,0.0,135.0,0.0,0.0,250.0,0.0,0,0,0.0,161.0,0.0,1
0.0,52.0,0.0,1,0.0,128.0,0.0,0.0,205.0,0.0,1,1,0.0,184.0,0.0,1
0.0,58.0,0.0,1,0.0,105.0,0.0,0.0,240.0,0.0,0,0,0.0,154.0,0.0,1
0.0,41.0,0.0,1,0.0,112.0,0.0,0.0,250.0,0.0,0,1,0.0,179.0,0.0,1
0.0,45.0,0.0,1,0.0,128.0,0.0,0.0,308.0,0.0,0,0,0.0,170.0,0.0,1
0.0,60.0,0.0,0,0.0,102.0,0.0,0.0,318.0,0.0,0,1,0.0,160.0,0.0,1
0.0,52.0,0.0,1,0.0,152.0,0.0,0.0,298.0,0.0,1,1,0.0,178.0,0.0,1
0.0,42.0,0.0,0,0.0,102.0,0.0,0.0,265.0,0.0,0,0,0.0,122.0,0.0,1
0.0,67.0,0.0,0,0.0,115.0,0.0,0.0,564.0,0.0,0,0,0.0,160.0,0.0,1
0.0,68.0,0.0,1,0.0,118.0,0.0,0.0,277.0,0.0,0,1,0.0,151.0,0.0,1
0.0,46.0,0.0,1,0.0,101.0,0.0,0.0,197.0,0.0,1,1,0.0,156.0,0.0,1
0.0,54.0,0.0,0,0.0,110.0,0.0,0.0,214.0,0.0,0,1,0.0,158.0,0.0,1
0.0,58.0,0.0,0,0.0,100.0,0.0,0.0,248.0,0.0,0,0,0.0,122.0,0.0,1
0.0,48.0,0.0,1,0.0,124.0,0.0,0.0,255.0,0.0,1,1,0.0,175.0,0.0,1
0.0,52.0,0.0,1,0.0,138.0,0.0,0.0,223.0,0.0,0,1,0.0,169.0,0.0,1
0.0,54.0,0.0,0,0.0,132.0,0.0,0.0,288.0,0.0,1,0,0.0,159.0,0.0,1
0.0,45.0,0.0,0,0.0,112.0,0.0,0.0,160.0,0.0,0,1,0.0,138.0,0.0,1
0.0,53.0,0.0,1,0.0,142.0,0.0,0.0,226.0,0.0,0,0,0.0,111.0,0.0,1
0.0,62.0,0.0,0,0.0,140.0,0.0,0.0,394.0,0.0,0,0,0.0,157.0,0.0,1
0.0,52.0,0.0,1,0.0,108.0,0.0,0.0,233.0,0.0,1,1,0.0,147.0,0.0,1
0.0,43.0,0.0,1,0.0,130.0,0.0,0.0,315.0,0.0,0,1,0.0,162.0,0.0,1
0.0,42.0,0.0,1,0.0,148.0,0.0,0.0,244.0,0.0,0,0,0.0,178.0,0.0,1
0.0,59.0,0.0,1,0.0,178.0,0.0,0.0,270.0,0.0,0,0,0.0,145.0,0.0,1
0.0,63.0,0.0,0,0.0,140.0,0.0,0.0,195.0,0.0,0,1,0.0,179.0,0.0,1
0.0,42.0,0.0,1,0.0,120.0,0.0,0.0,240.0,0.0,1,1,0.0,194.0,0.0,1
0.0,68.0,0.0,0,0.0,120.0,0.0,0.0,211.0,0.0,0,0,0.0,115.0,0.0,1
0.0,69.0,0.0,1,0.0,160.0,0.0,0.0,234.0,0.0,1,0,0.0,131.0,0.0,1
0.0,45.0,0.0,0,0.0,138.0,0.0,0.0,236.0,0.0,0,0,0.0,152.0,0.0,1
0.0,50.0,0.0,0,0.0,120.0,0.0,0.0,244.0,0.0,0,1,0.0,162.0,0.0,1
0.0,50.0,0.0,0,0.0,110.0,0.0,0.0,254.0,0.0,0,0,0.0,159.0,0.0,1
0.0,64.0,0.0,0,0.0,180.0,0.0,0.0,325.0,0.0,0,1,0.0,154.0,0.0,1
0.0,64.0,0.0,0,0.0,140.0,0.0,0.0,313.0,0.0,0,1,0.0,133.0,0.0,1
0.0,43.0,0.0,1,0.0,110.0,0.0,0.0,211.0,0.0,0,1,0.0,161.0,0.0,1
0.0,55.0,0.0,1,0.0,130.0,0.0,0.0,262.0,0.0,0,1,0.0,155.0,0.0,1
0.0,37.0,0.0,0,0.0,120.0,0.0,0.0,215.0,0.0,0,1,0.0,170.0,0.0,1
0.0,41.0,0.0,1,0.0,130.0,0.0,0.0,214.0,0.0,0,0,0.0,168.0,0.0,1
0.0,56.0,0.0,1,0.0,120.0,0.0,0.0,193.0,0.0,0,0,0.0,162.0,0.0,1
0.0,46.0,0.0,0,0.0,105.0,0.0,0.0,204.0,0.0,0,1,0.0,172.0,0.0,1
0.0,64.0,0.0,0,0.0,130.0,0.0,0.0,303.0,0.0,0,1,0.0,122.0,0.0,1
0.0,59.0,0.0,1,0.0,138.0,0.0,0.0,271.0,0.0,0,0,0.0,182.0,0.0,1
0.0,41.0,0.0,0,0.0,112.0,0.0,0.0,268.0,0.0,0,0,0.0,172.0,0.0,1
0.0,54.0,0.0,0,0.0,108.0,0.0,0.0,267.0,0.0,0,0,0.0,167.0,0.0,1
0.0,34.0,0.0,0,0.0,118.0,0.0,0.0,210.0,0.0,0,1,0.0,192.0,0.0,1
0.0,47.0,0.0,1,0.0,112.0,0.0,0.0,204.0,0.0,0,1,0.0,143.0,0.0,1
0.0,67.0,0.0,0,0.0,152.0,0.0,0.0,277.0,0.0,0,1,0.0,172.0,0.0,1
0.0,52.0,0.0,0,0.0,136.0,0.0,0.0,196.0,0.0,0,0,0.0,169.0,0.0,1
0.0,74.0,0.0,0,0.0,120.0,0.0,0.0,269.0,0.0,0,0,0.0,121.0,0.0,1
0.0,54.0,0.0,0,0.0,160.0,0.0,0.0,201.0,0.0,0,1,0.0,163.0,0.0,1
0.0,49.0,0.0,0,0.0,134.0,0.0,0.0,271.0,0.0,0,1,0.0,162.0,0.0,1
0.0,42.0,0.0,1,0.0,120.0,0.0,0.0,295.0,0.0,0,1,0.0,162.0,0.0,1
0.0,41.0,0.0,1,0.0,110.0,0.0,0.0,235.0,0.0,0,1,0.0,153.0,0.0,1
0.0,41.0,0.0,0,0.0,126.0,0.0,0.0,306.0,0.0,0,1,0.0,163.0,0.0,1
0.0,49.0,0.0,0,0.0,130.0,0.0,0.0,269.0,0.0,0,1,0.0,163.0,0.0,1
0.0,60.0,0.0,0,0.0,120.0,0.0,0.0,178.0,0.0,1,1,0.0,96.0,0.0,1
0.0,62.0,0.0,1,0.0,128.0,0.0,0.0,208.0,0.0,1,0,0.0,140.0,0.0,1
0.0,64.0,0.0,1,0.0,128.0,0.0,0.0,263.0,0.0,0,1,0.0,105.0,0.0,1
0.0,51.0,0.0,0,0.0,120.0,0.0,0.0,295.0,0.0,0,0,0.0,157.0,0.0,1
0.0,42.0,0.0,0,0.0,120.0,0.0,0.0,209.0,0.0,0,1,0.0,173.0,0.0,1
0.0,67.0,0.0,0,0.0,106.0,0.0,0.0,223.0,0.0,0,1,0.0,142.0,0.0,1
0.0,76.0,0.0,0,0.0,140.0,0.0,0.0,197.0,0.0,0,1,0.0,116.0,0.0,1
0.0,70.0,0.0,1,0.0,156.0,0.0,0.0,245.0,0.0,0,0,0.0,143.0,0.0,1
0.0,44.0,0.0,0,0.0,118.0,0.0,0.0,242.0,0.0,0,1,0.0,149.0,0.0,1
0.0,60.0,0.0,0,0.0,150.0,0.0,0.0,240.0,0.0,0,1,0.0,171.0,0.0,1
0.0,44.0,0.0,1,0.0,120.0,0.0,0.0,226.0,0.0,0,1,0.0,169.0,0.0,1
0.0,42.0,0.0,1,0.0,130.0,0.0,0.0,180.0,0.0,0,1,0.0,150.0,0.0,1
0.0,66.0,0.0,1,0.0,160.0,0.0,0.0,228.0,0.0,0,0,0.0,138.0,0.0,1
0.0,64.0,0.0,1,0.0,170.0,0.0,0.0,227.0,0.0,0,0,0.0,155.0,0.0,1
0.0,66.0,0.0,0,0.0,146.0,0.0,0.0,278.0,0.0,0,0,0.0,152.0,0.0,1
0.0,39.0,0.0,0,0.0,138.0,0.0,0.0,220.0,0.0,0,1,0.0,152.0,0.0,1
0.0,47.0,0.0,1,0.0,130.0,0.0,0.0,253.0,0.0,0,1,0.0,179.0,0.0,1
0.0,35.0,0.0,1,0.0,122.0,0.0,0.0,192.0,0.0,0,1,0.0,174.0,0.0,1
0.0,56.0,0.0,1,0.0,130.0,0.0,0.0,221.0,0.0,0,0,0.0,163.0,0.0,1
0.0,55.0,0.0,0,0.0,132.0,0.0,0.0,342.0,0.0,0,1,0.0,166.0,0.0,1
0.0,41.0,0.0,1,0.0,120.0,0.0,0.0,157.0,0.0,0,1,0.0,182.0,0.0,1
0.0,38.0,0.0,1,0.0,138.0,0.0,0.0,175.0,0.0,0,1,0.0,173.0,0.0,1
0.0,38.0,0.0,1,0.0,138.0,0.0,0.0,175.0,0.0,0,1,0.0,173.0,0.0,1
0.4727272727272727
