1.5,57.5,1.5,1,19.0,151.0,19.0,52.0,236.0,52.0,0,0,27.0,132.0,27.0,0
3.5,57.5,3.5,1,20.0,151.0,21.0,53.0,236.0,53.0,0,0,29.0,132.0,32.0,0
5.5,53.5,5.5,1,23.0,147.0,23.0,7.0,281.0,7.0,0,0,3.5,162.5,3.5,0
8.5,53.5,10.5,1,25.0,147.0,28.0,10.0,281.0,11.0,0,0,6.5,162.5,4.5,0
10.5,53.5,9.5,1,27.0,147.0,25.0,12.0,281.0,11.0,0,0,4.5,162.5,6.5,0
5.0,64.0,5.0,1,15.0,155.0,15.0,17.0,271.0,17.0,0,0,6.5,152.5,6.5,0
10.0,64.0,9.0,1,16.0,155.0,16.0,19.0,271.0,19.0,0,0,8.5,152.5,7.5,0
10.0,64.0,7.0,1,16.0,155.0,18.0,19.0,271.0,18.0,0,0,11.5,152.5,9.5,0
2.0,59.0,4.0,1,10.0,165.0,6.0,8.5,280.5,10.5,0,0,21.0,142.0,20.0,0
4.0,59.0,2.0,1,9.0,165.0,10.0,12.5,280.5,11.5,0,0,19.0,142.0,18.0,0
7.0,52.0,7.0,1,14.0,156.0,14.0,10.5,298.5,10.5,0,0,6.0,153.0,6.0,0
8.0,52.0,10.0,1,18.0,156.0,17.0,13.5,298.5,12.5,0,0,9.0,153.0,8.0,0
11.0,52.0,8.0,1,18.0,156.0,16.0,12.5,298.5,13.5,0,0,10.0,153.0,9.0,0
0.5,58.5,0.5,1,21.0,149.0,21.0,14.5,273.5,14.5,0,0,14.5,144.5,14.5,0
2.5,58.5,3.5,1,24.0,149.0,22.0,18.5,273.5,15.5,0,0,16.5,144.5,18.5,0
4.5,54.5,4.5,1,13.0,157.0,13.0,44.0,244.0,44.0,0,0,16.5,142.5,16.5,0
6.5,54.5,7.5,1,16.0,157.0,17.0,49.0,244.0,46.0,0,0,18.5,142.5,17.5,0
5.5,54.5,5.5,1,16.0,157.0,15.0,45.0,244.0,47.0,0,0,17.5,142.5,19.5,0
2.5,56.5,2.5,1,24.0,146.0,24.0,1.0,287.0,1.0,0,0,21.5,137.5,21.5,0
3.5,56.5,7.5,1,28.0,146.0,26.0,6.0,287.0,3.0,0,0,26.5,137.5,24.5,0
6.5,56.5,6.5,1,27.0,146.0,25.0,4.0,287.0,5.0,0,0,25.5,137.5,26.5,0
6.0,53.0,6.0,1,30.0,140.0,30.0,6.5,281.5,6.5,0,0,20.5,138.5,20.5,0
9.0,53.0,11.0,1,33.0,140.0,34.0,11.5,281.5,7.5,0,0,22.5,138.5,21.5,0
9.0,53.0,8.0,1,35.0,140.0,33.0,10.5,281.5,7.5,0,0,23.5,138.5,22.5,0
1.0,60.0,1.0,1,16.0,154.0,16.0,61.0,227.0,61.0,0,0,17.0,142.0,17.0,0
1.0,58.0,1.0,1,8.0,162.0,8.0,28.0,260.0,28.0,0,0,2.5,161.5,2.5,0
3.0,58.0,4.0,1,13.0,162.0,9.0,30.0,260.0,32.0,0,0,4.5,161.5,3.5,0
5.0,58.0,3.0,1,10.0,162.0,12.0,31.0,260.0,29.0,0,0,4.5,161.5,3.5,0
2.0,61.0,2.0,1,15.0,155.0,15.0,50.5,237.5,50.5,0,0,7.5,151.5,7.5,0
8.5,55.5,8.5,1,8.5,116.5,8.5,33.0,276.0,33.0,0,1,10.5,141.5,10.5,0
6.5,57.5,6.5,1,7.5,132.5,7.5,5.0,304.0,5.0,0,1,21.0,152.0,21.0,0
10.5,57.5,7.5,1,9.5,132.5,11.5,9.0,304.0,9.0,0,1,23.0,152.0,23.0,0
11.5,57.5,7.5,1,12.5,132.5,9.5,9.0,304.0,9.0,0,1,26.0,152.0,23.0,0
3.0,67.0,3.0,1,17.5,142.5,17.5,20.0,289.0,20.0,0,1,9.5,121.5,9.5,0
7.0,67.0,5.0,1,20.5,142.5,22.5,24.0,289.0,23.0,0,1,14.5,121.5,11.5,0
5.0,67.0,8.0,1,20.5,142.5,20.5,22.0,289.0,25.0,0,1,11.5,121.5,12.5,0
1.0,65.0,1.0,1,17.5,142.5,17.5,31.5,277.5,31.5,0,1,5.5,125.5,5.5,0
6.0,65.0,6.0,1,18.5,142.5,18.5,33.5,277.5,35.5,0,1,10.5,125.5,9.5,0
6.0,65.0,2.0,1,20.5,142.5,18.5,36.5,277.5,35.5,0,1,10.5,125.5,10.5,0
6.5,57.5,6.5,1,7.5,132.5,7.5,5.5,303.5,5.5,0,1,4.5,126.5,4.5,0
8.5,57.5,9.5,1,12.5,132.5,10.5,8.5,303.5,9.5,0,1,6.5,126.5,6.5,0
8.5,57.5,10.5,1,9.5,132.5,8.5,10.5,303.5,9.5,0,1,6.5,126.5,8.5,0
6.0,58.0,6.0,1,6.5,118.5,6.5,39.5,269.5,39.5,0,1,14.5,145.5,14.5,0
1.5,65.5,1.5,1,2.5,122.5,2.5,36.0,273.0,36.0,0,1,30.0,101.0,30.0,0
4.5,65.5,2.5,1,3.5,122.5,4.5,40.0,273.0,38.0,0,1,34.0,101.0,33.0,0
3.0,61.0,3.0,1,12.5,112.5,12.5,37.5,271.5,37.5,0,1,12.5,143.5,12.5,0
5.0,61.0,5.0,1,16.5,112.5,17.5,42.5,271.5,38.5,0,1,17.5,143.5,14.5,0
4.0,61.0,5.0,1,13.5,112.5,16.5,40.5,271.5,38.5,0,1,17.5,143.5,16.5,0
3.5,60.5,3.5,1,0.5,124.5,0.5,24.0,285.0,24.0,0,1,5.0,136.0,5.0,0
6.5,60.5,6.5,1,2.5,124.5,3.5,25.0,285.0,25.0,0,1,6.0,136.0,6.0,0
8.5,60.5,5.5,1,2.5,124.5,5.5,26.0,285.0,26.0,0,1,7.0,136.0,6.0,0
9.0,55.0,9.0,1,7.5,132.5,7.5,1.0,310.0,1.0,0,1,5.5,125.5,5.5,0
13.0,55.0,11.0,1,10.5,132.5,9.5,5.0,310.0,3.0,0,1,8.5,125.5,8.5,0
14.0,55.0,10.0,1,12.5,132.5,8.5,5.0,310.0,3.0,0,1,10.5,125.5,6.5,0
3.5,60.5,3.5,1,7.5,117.5,7.5,13.0,322.0,13.0,0,1,6.0,137.0,6.0,0
4.5,60.5,7.5,1,11.5,117.5,11.5,15.0,322.0,16.0,0,1,9.0,137.0,7.0,0
5.5,60.5,6.5,1,9.5,117.5,9.5,14.0,322.0,16.0,0,1,9.0,137.0,7.0,0
3.0,61.0,3.0,1,5.5,119.5,5.5,4.5,313.5,4.5,0,1,4.5,135.5,4.5,0
5.0,61.0,8.0,1,9.5,119.5,7.5,8.5,313.5,6.5,0,1,9.5,135.5,5.5,0
7.0,61.0,7.0,1,6.5,119.5,6.5,5.5,313.5,6.5,0,1,9.5,135.5,7.5,0
10.0,54.0,10.0,1,2.5,122.5,2.5,70.0,239.0,70.0,0,1,6.5,137.5,6.5,0
9.5,54.5,9.5,1,7.5,117.5,7.5,22.5,286.5,22.5,0,1,0.5,131.5,0.5,0
12.5,54.5,11.5,1,11.5,117.5,9.5,27.5,286.5,25.5,0,1,4.5,131.5,3.5,0
11.5,54.5,10.5,1,8.5,117.5,12.5,25.5,286.5,26.5,0,1,3.5,131.5,1.5,0
3.5,60.5,3.5,1,2.5,127.5,2.5,89.0,220.0,89.0,0,1,8.0,123.0,8.0,0
4.5,60.5,8.5,1,6.5,127.5,5.5,93.0,220.0,94.0,0,1,13.0,123.0,13.0,0
8.5,60.5,6.5,1,3.5,127.5,5.5,91.0,220.0,92.0,0,1,12.0,123.0,12.0,0
2.0,49.0,2.0,1,16.0,124.0,16.0,28.0,271.0,28.0,0,1,10.5,162.5,10.5,0
5.0,49.0,3.0,1,21.0,124.0,19.0,30.0,271.0,31.0,0,1,11.5,162.5,11.5,0
11.5,58.5,11.5,1,26.0,134.0,26.0,13.0,256.0,13.0,0,1,20.0,132.0,20.0,0
15.5,58.5,12.5,1,29.0,134.0,29.0,15.0,256.0,15.0,0,1,22.0,132.0,21.0,0
9.5,56.5,9.5,1,26.0,134.0,26.0,1.5,244.5,1.5,0,1,16.0,136.0,16.0,0
10.5,56.5,13.5,1,29.0,134.0,31.0,4.5,244.5,2.5,0,1,20.0,136.0,18.0,0
14.5,56.5,14.5,1,30.0,134.0,29.0,5.5,244.5,5.5,0,1,20.0,136.0,18.0,0
2.0,49.0,2.0,1,16.0,124.0,16.0,27.5,270.5,27.5,0,1,15.0,137.0,15.0,0
5.0,49.0,5.0,1,21.0,124.0,18.0,29.5,270.5,29.5,0,1,17.0,137.0,18.0,0
6.0,49.0,4.0,1,18.0,124.0,17.0,29.5,270.5,30.5,0,1,17.0,137.0,18.0,0
2.5,49.5,2.5,1,2.0,110.0,2.0,6.5,236.5,6.5,0,1,4.0,156.0,4.0,0
4.5,49.5,4.5,1,3.0,110.0,4.0,9.5,236.5,11.5,0,1,8.0,156.0,6.0,0
5.5,49.5,4.5,1,6.0,110.0,5.0,11.5,236.5,7.5,0,1,9.0,156.0,6.0,0
10.0,57.0,10.0,1,6.0,114.0,6.0,3.0,240.0,3.0,0,1,40.5,111.5,40.5,0
14.0,57.0,14.0,1,10.0,114.0,8.0,5.0,240.0,6.0,0,1,43.5,111.5,45.5,0
14.0,57.0,15.0,1,11.0,114.0,7.0,5.0,240.0,7.0,0,1,41.5,111.5,45.5,0
5.5,52.5,5.5,1,4.0,104.0,4.0,4.5,238.5,4.5,0,1,2.0,154.0,2.0,0
10.5,52.5,7.5,1,9.0,104.0,7.0,6.5,238.5,6.5,0,1,3.0,154.0,7.0,0
9.5,52.5,7.5,1,7.0,104.0,5.0,8.5,238.5,6.5,0,1,3.0,154.0,5.0,0
5.5,52.5,5.5,1,19.0,127.0,19.0,12.5,230.5,12.5,0,1,23.5,128.5,23.5,0
6.5,52.5,6.5,1,22.0,127.0,22.0,17.5,230.5,16.5,0,1,26.5,128.5,27.5,0
6.5,52.5,6.5,1,21.0,127.0,24.0,13.5,230.5,15.5,0,1,26.5,128.5,27.5,0
5.0,52.0,5.0,1,8.0,116.0,8.0,9.0,252.0,9.0,0,1,5.5,146.5,5.5,0
7.0,52.0,10.0,1,10.0,116.0,11.0,12.0,252.0,14.0,0,1,9.5,146.5,7.5,0
10.0,52.0,6.0,1,11.0,116.0,12.0,10.0,252.0,10.0,0,1,6.5,146.5,8.5,0
0.5,46.5,0.5,1,16.0,124.0,16.0,34.0,277.0,34.0,0,1,16.0,136.0,16.0,0
2.5,46.5,5.5,1,20.0,124.0,18.0,38.0,277.0,37.0,0,1,18.0,136.0,18.0,0
3.5,46.5,5.5,1,18.0,124.0,19.0,35.0,277.0,36.0,0,1,21.0,136.0,21.0,0
6.0,53.0,6.0,1,13.0,121.0,13.0,19.5,223.5,19.5,0,1,5.0,157.0,5.0,0
5.0,52.0,5.0,1,1.0,109.0,1.0,46.0,289.0,46.0,0,1,4.5,147.5,4.5,0
6.0,52.0,7.0,1,2.0,109.0,2.0,47.0,289.0,48.0,0,1,5.5,147.5,8.5,0
5.5,52.5,5.5,1,3.0,111.0,3.0,37.5,280.5,37.5,0,1,6.0,146.0,6.0,0
6.5,52.5,9.5,1,8.0,111.0,6.0,42.5,280.5,40.5,0,1,7.0,146.0,7.0,0
10.5,52.5,10.5,1,7.0,111.0,4.0,39.5,280.5,39.5,0,1,7.0,146.0,11.0,0
1.5,45.5,1.5,1,6.0,114.0,6.0,37.0,206.0,37.0,0,1,4.0,148.0,4.0,0
1.0,46.0,1.0,1,1.0,109.0,1.0,10.5,253.5,10.5,0,1,10.0,142.0,10.0,0
4.0,46.0,4.0,1,3.0,109.0,5.0,14.5,253.5,14.5,0,1,14.0,142.0,14.0,0
3.0,46.0,6.0,1,3.0,109.0,4.0,13.5,253.5,12.5,0,1,14.0,142.0,15.0,0
7.0,50.0,7.0,1,16.5,148.5,16.5,21.0,268.0,21.0,1,0,9.5,133.5,9.5,0
11.0,50.0,11.0,1,19.5,148.5,18.5,24.0,268.0,22.0,1,0,14.5,133.5,14.5,0
9.0,50.0,8.0,1,19.5,148.5,19.5,22.0,268.0,23.0,1,0,11.5,133.5,13.5,0
0.5,56.5,0.5,1,17.5,147.5,17.5,3.0,286.0,3.0,1,0,10.5,113.5,10.5,0
3.5,56.5,1.5,1,22.5,147.5,20.5,4.0,286.0,5.0,1,0,11.5,113.5,14.5,0
4.5,56.5,2.5,1,22.5,147.5,19.5,7.0,286.0,7.0,1,0,15.5,113.5,11.5,0
7.5,62.5,7.5,1,15.0,145.0,15.0,16.5,305.5,16.5,0,0,18.0,127.0,18.0,0
12.5,62.5,10.5,1,16.0,145.0,20.0,21.5,305.5,20.5,0,0,21.0,127.0,20.0,0
12.5,62.5,10.5,1,20.0,145.0,17.0,19.5,305.5,17.5,0,0,22.0,127.0,22.0,0
1.5,56.5,1.5,1,17.5,142.5,17.5,5.5,294.5,5.5,0,0,13.0,158.0,13.0,0
5.5,56.5,5.5,1,18.5,142.5,18.5,7.5,294.5,8.5,0,0,14.0,158.0,17.0,0
5.5,56.5,2.5,1,19.5,142.5,18.5,10.5,294.5,6.5,0,0,18.0,158.0,18.0,0
2.5,57.5,2.5,1,10.0,150.0,10.0,2.0,291.0,2.0,0,0,12.5,157.5,12.5,0
7.5,57.5,4.5,1,15.0,150.0,13.0,3.0,291.0,4.0,0,0,15.5,157.5,13.5,0
7.5,57.5,3.5,1,13.0,150.0,11.0,3.0,291.0,4.0,0,0,16.5,157.5,15.5,0
11.0,66.0,11.0,1,17.5,142.5,17.5,7.5,296.5,7.5,0,0,8.5,153.5,8.5,0
12.0,66.0,16.0,1,22.5,142.5,21.5,11.5,296.5,11.5,0,0,12.5,153.5,11.5,0
12.0,66.0,14.0,1,20.5,142.5,20.5,10.5,296.5,8.5,0,0,12.5,153.5,13.5,0
4.5,59.5,4.5,1,7.5,152.5,7.5,38.5,250.5,38.5,0,0,6.5,138.5,6.5,0
0.5,55.5,0.5,1,14.0,146.0,14.0,52.5,236.5,52.5,0,0,20.0,125.0,20.0,0
3.5,51.5,3.5,1,18.0,142.0,18.0,7.5,281.5,7.5,0,0,10.5,155.5,10.5,0
7.0,62.0,7.0,1,10.0,150.0,10.0,17.5,271.5,17.5,0,0,0.5,145.5,0.5,0
10.0,62.0,12.0,1,12.0,150.0,14.0,21.5,271.5,21.5,0,0,2.5,145.5,4.5,0
9.0,62.0,12.0,1,14.0,150.0,12.0,19.5,271.5,19.5,0,0,5.5,145.5,2.5,0
2.0,57.0,2.0,1,0.0,160.0,0.0,8.0,281.0,8.0,0,0,10.0,135.0,10.0,0
5.0,57.0,6.0,1,4.0,160.0,2.0,12.0,281.0,12.0,0,0,14.0,135.0,12.0,0
5.0,57.0,3.0,1,3.0,160.0,3.0,12.0,281.0,12.0,0,0,11.0,135.0,14.0,0
5.0,50.0,5.0,1,9.0,151.0,9.0,10.0,299.0,10.0,0,0,1.0,146.0,1.0,0
9.0,50.0,9.0,1,11.0,151.0,10.0,13.0,299.0,13.0,0,0,3.0,146.0,2.0,0
10.0,50.0,6.0,1,14.0,151.0,14.0,11.0,299.0,15.0,0,0,5.0,146.0,5.0,0
1.5,56.5,1.5,1,16.0,144.0,16.0,15.0,274.0,15.0,0,0,7.5,137.5,7.5,0
3.5,56.5,6.5,1,17.0,144.0,18.0,18.0,274.0,19.0,0,0,10.5,137.5,12.5,0
3.5,56.5,3.5,1,20.0,144.0,17.0,16.0,274.0,18.0,0,0,11.5,137.5,12.5,0
2.5,52.5,2.5,1,8.0,152.0,8.0,44.5,244.5,44.5,0,0,9.5,135.5,9.5,0
3.5,52.5,3.5,1,9.0,152.0,10.0,47.5,244.5,46.5,0,0,13.5,135.5,14.5,0
5.5,52.5,5.5,1,12.0,152.0,10.0,45.5,244.5,48.5,0,0,13.5,135.5,12.5,0
0.5,54.5,0.5,1,25.0,135.0,25.0,41.5,247.5,41.5,0,0,18.5,126.5,18.5,0
3.0,52.0,3.0,1,21.0,139.0,21.0,70.0,219.0,70.0,0,0,9.5,135.5,9.5,0
0.5,54.5,0.5,1,19.0,141.0,19.0,1.5,287.5,1.5,0,0,14.5,130.5,14.5,0
1.5,54.5,2.5,1,21.0,141.0,21.0,5.5,287.5,3.5,0,0,19.5,130.5,18.5,0
3.5,54.5,4.5,1,24.0,141.0,24.0,5.5,287.5,5.5,0,0,15.5,130.5,16.5,0
4.0,51.0,4.0,1,25.0,135.0,25.0,7.0,282.0,7.0,0,0,13.5,131.5,13.5,0
7.0,51.0,8.0,1,26.0,135.0,28.0,11.0,282.0,8.0,0,0,16.5,131.5,17.5,0
6.0,51.0,9.0,1,30.0,135.0,29.0,12.0,282.0,12.0,0,0,14.5,131.5,18.5,0
3.0,58.0,3.0,1,11.0,149.0,11.0,61.5,227.5,61.5,0,0,10.0,135.0,10.0,0
7.0,58.0,4.0,1,12.0,149.0,13.0,66.5,227.5,64.5,0,0,12.0,135.0,11.0,0
6.0,58.0,8.0,1,12.0,149.0,13.0,66.5,227.5,64.5,0,0,11.0,135.0,12.0,0
1.0,56.0,1.0,1,3.0,157.0,3.0,28.5,260.5,28.5,0,0,9.5,154.5,9.5,0
3.0,56.0,2.0,1,7.0,157.0,4.0,30.5,260.5,32.5,0,0,10.5,154.5,10.5,0
6.0,56.0,6.0,1,6.0,157.0,5.0,31.5,260.5,32.5,0,0,13.5,154.5,12.5,0
6.0,61.0,6.0,1,4.0,156.0,4.0,38.5,250.5,38.5,0,0,2.5,147.5,2.5,0
4.0,59.0,4.0,1,10.0,150.0,10.0,51.0,238.0,51.0,0,0,0.5,144.5,0.5,0
8.0,59.0,9.0,1,12.0,150.0,14.0,55.0,238.0,53.0,0,0,2.5,144.5,1.5,0
9.0,59.0,5.0,1,12.0,150.0,12.0,56.0,238.0,55.0,0,0,3.5,144.5,1.5,0
6.0,64.0,6.0,1,2.5,127.5,2.5,11.0,311.0,11.0,0,0,31.0,140.0,31.0,0
7.0,64.0,8.0,1,5.5,127.5,5.5,15.0,311.0,16.0,0,0,36.0,140.0,33.0,0
9.0,64.0,8.0,1,7.5,127.5,5.5,12.0,311.0,13.0,0,0,36.0,140.0,36.0,0
5.0,65.0,5.0,1,5.0,135.0,5.0,14.5,307.5,14.5,0,0,30.5,139.5,30.5,0
6.0,65.0,7.0,1,9.0,135.0,8.0,19.5,307.5,17.5,0,0,35.5,139.5,35.5,0
6.0,65.0,10.0,1,8.0,135.0,8.0,15.5,307.5,15.5,0,0,31.5,139.5,32.5,0
3.5,73.5,3.5,1,2.5,127.5,2.5,9.0,313.0,9.0,0,0,26.5,135.5,26.5,0
6.5,73.5,4.5,1,7.5,127.5,3.5,12.0,313.0,11.0,0,0,31.5,135.5,30.5,0
6.5,73.5,8.5,1,5.5,127.5,4.5,14.0,313.0,10.0,0,0,29.5,135.5,29.5,0
3.0,67.0,3.0,1,7.5,137.5,7.5,55.0,267.0,55.0,0,0,11.5,120.5,11.5,0
4.0,67.0,6.0,1,11.5,137.5,11.5,59.0,267.0,58.0,0,0,12.5,120.5,16.5,0
6.0,67.0,4.0,1,11.5,137.5,12.5,58.0,267.0,60.0,0,0,14.5,120.5,12.5,0
7.0,63.0,7.0,1,1.0,131.0,1.0,69.0,253.0,69.0,0,0,2.0,107.0,2.0,0
12.0,63.0,10.0,1,4.0,131.0,3.0,73.0,253.0,70.0,0,0,4.0,107.0,6.0,0
9.0,63.0,10.0,1,3.0,131.0,4.0,70.0,253.0,73.0,0,0,4.0,107.0,5.0,0
11.0,59.0,11.0,1,3.0,127.0,3.0,24.0,298.0,24.0,0,0,28.5,137.5,28.5,0
0.5,69.5,0.5,1,5.0,135.0,5.0,34.0,288.0,34.0,0,0,18.5,127.5,18.5,0
5.5,69.5,5.5,1,9.0,135.0,8.0,35.0,288.0,35.0,0,0,19.5,127.5,19.5,0
5.5,69.5,5.5,1,10.0,135.0,9.0,37.0,288.0,35.0,0,0,21.5,127.5,20.5,0
5.5,64.5,5.5,1,15.0,145.0,15.0,24.5,297.5,24.5,0,0,8.0,117.0,8.0,0
10.5,64.5,8.5,1,18.0,145.0,20.0,28.5,297.5,27.5,0,0,13.0,117.0,13.0,0
7.5,64.5,6.5,1,16.0,145.0,19.0,26.5,297.5,25.5,0,0,13.0,117.0,10.0,0
12.5,57.5,12.5,1,6.0,136.0,6.0,6.5,315.5,6.5,0,0,19.0,128.0,19.0,0
17.5,57.5,15.5,1,11.0,136.0,8.0,11.5,315.5,7.5,0,0,24.0,128.0,20.0,0
15.5,57.5,16.5,1,8.0,136.0,10.0,8.5,315.5,7.5,0,0,20.0,128.0,21.0,0
6.0,64.0,6.0,1,1.0,129.0,1.0,31.5,290.5,31.5,0,0,10.5,119.5,10.5,0
11.0,64.0,10.0,1,5.0,129.0,4.0,36.5,290.5,33.5,0,0,12.5,119.5,13.5,0
11.0,64.0,11.0,1,6.0,129.0,3.0,32.5,290.5,33.5,0,0,11.5,119.5,12.5,0
8.0,62.0,8.0,1,10.0,120.0,10.0,58.0,264.0,58.0,0,0,0.5,108.5,0.5,0
11.0,62.0,13.0,1,11.0,120.0,13.0,63.0,264.0,60.0,0,0,4.5,108.5,5.5,0
12.0,62.0,12.0,1,15.0,120.0,12.0,60.0,264.0,61.0,0,0,5.5,108.5,1.5,0
2.0,68.0,2.0,1,9.0,121.0,9.0,55.0,267.0,55.0,0,0,11.5,120.5,11.5,0
4.0,68.0,4.0,1,10.0,121.0,13.0,58.0,267.0,56.0,0,0,13.5,120.5,15.5,0
4.0,68.0,7.0,1,13.0,121.0,12.0,60.0,267.0,58.0,0,0,13.5,120.5,14.5,0
8.0,62.0,8.0,1,4.0,126.0,4.0,18.0,304.0,18.0,0,0,3.5,112.5,3.5,0
9.0,62.0,13.0,1,9.0,126.0,5.0,19.0,304.0,22.0,0,0,7.5,112.5,5.5,0
10.0,62.0,13.0,1,7.0,126.0,9.0,23.0,304.0,21.0,0,0,7.5,112.5,4.5,0
11.5,58.5,11.5,1,10.0,120.0,10.0,23.5,298.5,23.5,0,0,4.5,113.5,4.5,0
12.5,58.5,14.5,1,13.0,120.0,14.0,28.5,298.5,25.5,0,0,8.5,113.5,6.5,0
15.5,58.5,15.5,1,15.0,120.0,12.0,25.5,298.5,27.5,0,0,5.5,113.5,8.5,0
4.5,65.5,4.5,1,4.0,134.0,4.0,78.0,244.0,78.0,0,0,8.0,117.0,8.0,0
8.5,65.5,7.5,1,9.0,134.0,6.0,82.0,244.0,79.0,0,0,11.0,117.0,10.0,0
6.5,65.5,7.5,1,7.0,134.0,6.0,79.0,244.0,80.0,0,0,9.0,117.0,13.0,0
6.5,63.5,6.5,1,12.0,142.0,12.0,45.0,277.0,45.0,0,0,27.5,136.5,27.5,0
1.5,68.5,1.5,1,11.0,141.0,11.0,55.0,267.0,55.0,0,0,20.5,129.5,20.5,0
2.5,68.5,3.5,1,12.0,141.0,12.0,58.0,267.0,56.0,0,0,23.5,129.5,24.5,0
3.5,68.5,6.5,1,12.0,141.0,12.0,57.0,267.0,56.0,0,0,21.5,129.5,22.5,0
3.5,66.5,3.5,1,5.0,135.0,5.0,67.5,254.5,67.5,0,0,17.5,126.5,17.5,0
7.5,66.5,7.5,1,7.0,135.0,8.0,69.5,254.5,69.5,0,0,19.5,126.5,19.5,0
4.5,66.5,8.5,1,8.0,135.0,6.0,71.5,254.5,68.5,0,0,18.5,126.5,19.5,0
9.5,60.5,9.5,1,10.0,150.0,10.0,15.0,284.0,15.0,0,1,30.5,142.5,30.5,0
12.5,60.5,14.5,1,11.0,150.0,11.0,16.0,284.0,19.0,0,1,35.5,142.5,35.5,0
13.5,60.5,14.5,1,11.0,150.0,11.0,19.0,284.0,18.0,0,1,31.5,142.5,34.5,0
7.5,58.5,7.5,1,10.0,150.0,10.0,26.5,272.5,26.5,0,1,26.5,146.5,26.5,0
11.5,58.5,11.5,1,14.0,150.0,14.0,30.5,272.5,30.5,0,1,31.5,146.5,29.5,0
11.5,58.5,12.5,1,15.0,150.0,11.0,29.5,272.5,30.5,0,1,29.5,146.5,31.5,0
5.0,51.0,3.0,1,2.0,140.0,5.0,1.5,298.5,2.5,0,1,29.5,147.5,28.5,0
5.0,51.0,4.0,1,4.0,140.0,4.0,3.5,298.5,1.5,0,1,29.5,147.5,27.5,0
0.5,51.5,0.5,1,14.0,126.0,14.0,34.5,264.5,34.5,0,1,6.5,166.5,6.5,0
1.5,51.5,1.5,1,15.0,126.0,15.0,39.5,264.5,35.5,0,1,11.5,166.5,8.5,0
1.5,51.5,2.5,1,15.0,126.0,18.0,39.5,264.5,36.5,0,1,9.5,166.5,9.5,0
2.5,48.5,2.5,1,0.0,140.0,0.0,6.0,305.0,6.0,0,1,26.5,146.5,26.5,0
5.5,48.5,3.5,1,3.0,140.0,4.0,8.0,305.0,8.0,0,1,28.5,146.5,31.5,0
4.5,48.5,3.5,1,4.0,140.0,1.0,10.0,305.0,8.0,0,1,28.5,146.5,28.5,0
5.0,56.0,5.0,1,4.0,144.0,4.0,48.0,251.0,48.0,0,1,6.0,167.0,6.0,0
3.5,54.5,3.5,1,13.0,127.0,13.0,9.5,308.5,9.5,0,1,16.5,156.5,16.5,0
5.5,54.5,4.5,1,15.0,127.0,16.0,14.5,308.5,10.5,0,1,21.5,156.5,20.5,0
8.5,54.5,6.5,1,15.0,127.0,15.0,13.5,308.5,14.5,0,1,19.5,156.5,18.5,0
3.0,48.0,3.0,1,15.0,125.0,15.0,17.5,281.5,17.5,0,1,20.5,152.5,20.5,0
1.0,59.0,1.0,1,7.5,132.5,7.5,3.5,296.5,3.5,0,0,0.5,170.5,0.5,0
5.0,59.0,3.0,1,12.5,132.5,9.5,8.5,296.5,8.5,0,0,2.5,170.5,2.5,0
5.0,59.0,2.0,1,12.5,132.5,12.5,6.5,296.5,7.5,0,0,4.5,170.5,1.5,0
9.5,67.5,9.5,1,0.0,125.0,0.0,2.0,302.0,2.0,0,0,4.5,166.5,4.5,0
13.5,67.5,12.5,1,2.0,125.0,5.0,7.0,302.0,7.0,0,0,7.5,166.5,8.5,0
11.5,67.5,12.5,1,4.0,125.0,3.0,5.0,302.0,7.0,0,0,9.5,166.5,5.5,0
3.0,61.0,3.0,1,10.0,135.0,10.0,44.0,256.0,44.0,0,0,19.5,151.5,19.5,0
5.0,53.0,5.0,1,0.5,124.5,0.5,13.0,287.0,13.0,0,0,2.5,168.5,2.5,0
6.0,53.0,10.0,1,3.5,124.5,5.5,15.0,287.0,18.0,0,0,6.5,168.5,4.5,0
6.0,53.0,8.0,1,5.5,124.5,2.5,14.0,287.0,16.0,0,0,3.5,168.5,6.5,0
5.5,63.5,5.5,1,7.5,132.5,7.5,23.0,277.0,23.0,0,0,12.5,158.5,12.5,0
7.5,63.5,8.5,1,11.5,132.5,9.5,27.0,277.0,26.0,0,0,16.5,158.5,16.5,0
0.5,58.5,0.5,1,17.5,142.5,17.5,13.5,286.5,13.5,0,0,23.0,148.0,23.0,0
4.5,58.5,3.5,1,21.5,142.5,22.5,17.5,286.5,14.5,0,0,28.0,148.0,28.0,0
3.0,58.0,1.0,1,3.5,126.5,6.5,25.5,279.5,25.5,0,0,21.5,150.5,25.5,0
1.0,58.0,3.0,1,3.5,126.5,5.5,22.5,279.5,24.5,0,0,25.5,150.5,23.5,0
4.0,62.0,4.0,1,6.5,118.5,6.5,44.0,256.0,44.0,0,0,19.5,151.5,19.5,0
2.0,56.0,2.0,1,1.5,123.5,1.5,7.0,293.0,7.0,0,0,27.5,143.5,27.5,0
4.0,56.0,4.0,1,6.5,123.5,4.5,8.0,293.0,9.0,0,0,32.5,143.5,30.5,0
7.0,56.0,3.0,1,4.5,123.5,3.5,8.0,293.0,12.0,0,0,30.5,143.5,30.5,0
5.5,52.5,5.5,1,7.5,117.5,7.5,12.5,287.5,12.5,0,0,26.5,144.5,26.5,0
1.5,59.5,1.5,1,6.5,131.5,6.5,67.0,233.0,67.0,0,0,23.0,148.0,23.0,0
0.5,57.5,0.5,1,14.5,139.5,14.5,34.0,266.0,34.0,0,0,3.5,167.5,3.5,0
5.5,57.5,1.5,1,16.5,139.5,15.5,37.0,266.0,36.0,0,0,6.5,167.5,8.5,0
4.5,57.5,2.5,1,15.5,139.5,17.5,37.0,266.0,36.0,0,0,7.5,167.5,8.5,0
4.5,62.5,4.5,1,13.5,138.5,13.5,44.0,256.0,44.0,0,0,10.5,160.5,10.5,0
9.5,62.5,5.5,1,15.5,138.5,18.5,48.0,256.0,46.0,0,0,13.5,160.5,12.5,0
2.5,60.5,2.5,1,7.5,132.5,7.5,56.5,243.5,56.5,0,0,13.5,157.5,13.5,0
8.5,68.5,8.5,1,7.5,132.5,7.5,5.5,298.5,5.5,0,0,4.0,166.0,4.0,0
9.5,68.5,11.5,1,8.5,132.5,11.5,7.5,298.5,9.5,0,0,8.0,166.0,9.0,0
9.5,68.5,10.5,1,9.5,132.5,9.5,9.5,298.5,9.5,0,0,5.0,166.0,7.0,0
2.0,62.0,2.0,1,2.5,142.5,2.5,40.5,252.5,40.5,0,0,19.0,151.0,19.0,0
7.0,62.0,7.0,1,5.5,142.5,7.5,44.5,252.5,41.5,0,0,23.0,151.0,22.0,0
6.0,62.0,7.0,1,4.5,142.5,5.5,45.5,252.5,44.5,0,0,21.0,151.0,24.0,0
2.0,58.0,2.0,1,4.0,136.0,4.0,54.5,238.5,54.5,0,0,32.5,137.5,32.5,0
6.0,54.0,6.0,1,8.0,132.0,8.0,9.5,283.5,9.5,0,0,2.0,168.0,2.0,0
10.0,54.0,9.0,1,12.0,132.0,10.0,10.5,283.5,14.5,0,0,3.0,168.0,6.0,0
7.0,54.0,9.0,1,10.0,132.0,10.0,14.5,283.5,11.5,0,0,5.0,168.0,3.0,0
4.5,64.5,4.5,1,0.0,140.0,0.0,19.5,273.5,19.5,0,0,12.0,158.0,12.0,0
6.5,64.5,5.5,1,1.0,140.0,5.0,20.5,273.5,24.5,0,0,14.0,158.0,17.0,0
9.5,64.5,8.5,1,4.0,140.0,1.0,24.5,273.5,23.5,0,0,17.0,158.0,17.0,0
0.5,59.5,0.5,1,10.0,150.0,10.0,10.0,283.0,10.0,0,0,22.5,147.5,22.5,0
1.5,59.5,3.5,1,15.0,150.0,15.0,15.0,283.0,15.0,0,0,27.5,147.5,26.5,0
1.5,59.5,2.5,1,12.0,150.0,11.0,14.0,283.0,11.0,0,0,26.5,147.5,25.5,0
7.5,52.5,7.5,1,1.0,141.0,1.0,8.0,301.0,8.0,0,0,11.5,158.5,11.5,0
9.5,52.5,11.5,1,4.0,141.0,5.0,12.0,301.0,9.0,0,0,15.5,158.5,16.5,0
12.5,52.5,8.5,1,6.0,141.0,3.0,12.0,301.0,13.0,0,0,14.5,158.5,16.5,0
1.0,59.0,1.0,1,6.0,134.0,6.0,17.0,276.0,17.0,0,0,20.0,150.0,20.0,0
2.0,59.0,3.0,1,7.0,134.0,8.0,20.0,276.0,20.0,0,0,23.0,150.0,24.0,0
5.0,55.0,5.0,1,2.0,142.0,2.0,46.5,246.5,46.5,0,0,22.0,148.0,22.0,0
3.0,63.0,3.0,1,14.0,126.0,14.0,40.5,252.5,40.5,0,0,19.0,151.0,19.0,0
3.0,57.0,3.0,1,9.0,131.0,9.0,3.5,289.5,3.5,0,0,27.0,143.0,27.0,0
5.0,57.0,6.0,1,13.0,131.0,14.0,7.5,289.5,5.5,0,0,29.0,143.0,28.0,0
7.0,57.0,5.0,1,13.0,131.0,14.0,8.5,289.5,4.5,0,0,29.0,143.0,28.0,0
6.5,53.5,6.5,1,15.0,125.0,15.0,9.0,284.0,9.0,0,0,26.0,144.0,26.0,0
0.5,60.5,0.5,1,1.0,139.0,1.0,63.5,229.5,63.5,0,0,22.5,147.5,22.5,0
5.5,60.5,3.5,1,5.0,139.0,2.0,64.5,229.5,65.5,0,0,27.5,147.5,23.5,0
3.5,60.5,3.5,1,6.0,139.0,4.0,68.5,229.5,64.5,0,0,27.5,147.5,23.5,0
1.5,58.5,1.5,1,7.0,147.0,7.0,30.5,262.5,30.5,0,0,3.0,167.0,3.0,0
3.5,58.5,6.5,1,9.0,147.0,9.0,35.5,262.5,32.5,0,0,6.0,167.0,7.0,0
4.5,58.5,5.5,1,10.0,147.0,10.0,35.5,262.5,33.5,0,0,6.0,167.0,8.0,0
3.5,63.5,3.5,1,6.0,146.0,6.0,40.5,252.5,40.5,0,0,10.0,160.0,10.0,0
4.5,63.5,6.5,1,9.0,146.0,10.0,44.5,252.5,44.5,0,0,15.0,160.0,13.0,0
7.5,63.5,8.5,1,9.0,146.0,8.0,44.5,252.5,43.5,0,0,11.0,160.0,11.0,0
1.5,61.5,1.5,1,0.0,140.0,0.0,53.0,240.0,53.0,0,0,13.0,157.0,13.0,0
2.5,61.5,4.5,1,3.0,140.0,5.0,58.0,240.0,57.0,0,0,16.0,157.0,14.0,0
6.5,61.5,5.5,1,1.0,140.0,3.0,56.0,240.0,55.0,0,0,14.0,157.0,15.0,0
6.5,70.5,6.5,1,10.0,135.0,10.0,46.0,258.0,46.0,0,0,15.0,147.0,15.0,0
10.5,70.5,11.5,1,13.0,135.0,14.0,48.0,258.0,51.0,0,0,16.0,147.0,19.0,0
7.5,70.5,8.5,1,12.0,135.0,13.0,50.0,258.0,48.0,0,0,17.0,147.0,19.0,0
10.5,66.5,10.5,1,3.5,128.5,3.5,60.0,244.0,60.0,0,0,28.5,133.5,28.5,0
14.5,62.5,14.5,1,0.5,124.5,0.5,15.0,289.0,15.0,0,0,2.0,164.0,2.0,0
15.5,62.5,18.5,1,5.5,124.5,3.5,19.0,289.0,16.0,0,0,3.0,164.0,7.0,0
17.5,62.5,15.5,1,3.5,124.5,4.5,20.0,289.0,20.0,0,0,5.0,164.0,7.0,0
4.0,73.0,4.0,1,7.5,132.5,7.5,25.0,279.0,25.0,0,0,8.0,154.0,8.0,0
6.0,73.0,6.0,1,8.5,132.5,10.5,26.0,279.0,28.0,0,0,11.0,154.0,12.0,0
9.0,73.0,6.0,1,11.5,132.5,12.5,27.0,279.0,29.0,0,0,11.0,154.0,10.0,0
9.0,68.0,9.0,1,17.5,142.5,17.5,15.5,288.5,15.5,0,0,18.5,143.5,18.5,0
11.0,68.0,12.0,1,21.5,142.5,20.5,19.5,288.5,17.5,0,0,20.5,143.5,21.5,0
13.0,68.0,13.0,1,22.5,142.5,21.5,18.5,288.5,17.5,0,0,19.5,143.5,23.5,0
16.0,61.0,16.0,1,8.5,133.5,8.5,2.5,306.5,2.5,0,0,7.5,154.5,7.5,0
17.0,61.0,17.0,1,12.5,133.5,11.5,3.5,306.5,3.5,0,0,12.5,154.5,9.5,0
17.0,61.0,19.0,1,12.5,133.5,9.5,4.5,306.5,7.5,0,0,11.5,154.5,12.5,0
9.5,67.5,9.5,1,1.5,126.5,1.5,22.5,281.5,22.5,0,0,16.0,146.0,16.0,0
5.5,71.5,5.5,1,6.5,118.5,6.5,46.0,258.0,46.0,0,0,15.0,147.0,15.0,0
11.5,65.5,11.5,1,1.5,123.5,1.5,9.0,295.0,9.0,0,0,23.0,139.0,23.0,0
13.5,65.5,13.5,1,3.5,123.5,2.5,14.0,295.0,13.0,0,0,26.0,139.0,27.0,0
14.5,65.5,15.5,1,4.5,123.5,2.5,10.0,295.0,13.0,0,0,28.0,139.0,26.0,0
15.0,62.0,15.0,1,7.5,117.5,7.5,14.5,289.5,14.5,0,0,22.0,140.0,22.0,0
8.0,69.0,8.0,1,6.5,131.5,6.5,69.0,235.0,69.0,0,0,18.5,143.5,18.5,0
13.0,69.0,10.0,1,7.5,131.5,10.5,73.0,235.0,74.0,0,0,20.5,143.5,21.5,0
11.0,69.0,10.0,1,10.5,131.5,10.5,71.0,235.0,73.0,0,0,21.5,143.5,23.5,0
10.0,67.0,10.0,1,14.5,139.5,14.5,36.0,268.0,36.0,0,0,1.0,163.0,1.0,0
14.0,67.0,15.0,1,19.5,139.5,18.5,37.0,268.0,37.0,0,0,5.0,163.0,6.0,0
15.0,67.0,13.0,1,17.5,139.5,19.5,38.0,268.0,39.0,0,0,5.0,163.0,4.0,0
5.0,72.0,5.0,1,13.5,138.5,13.5,46.0,258.0,46.0,0,0,6.0,156.0,6.0,0
10.0,72.0,7.0,1,16.5,138.5,17.5,49.0,258.0,48.0,0,0,11.0,156.0,9.0,0
7.0,72.0,9.0,1,14.5,138.5,14.5,50.0,258.0,48.0,0,0,9.0,156.0,9.0,0
7.0,70.0,7.0,1,7.5,132.5,7.5,58.5,245.5,58.5,0,0,9.0,153.0,9.0,0
8.0,70.0,12.0,1,11.5,132.5,11.5,59.5,245.5,62.5,0,0,14.0,153.0,10.0,0
12.0,70.0,9.0,1,9.5,132.5,11.5,60.5,245.5,60.5,0,0,11.0,153.0,12.0,0
2.0,68.0,2.0,1,0.0,160.0,0.0,11.5,257.5,11.5,0,1,4.0,116.0,4.0,0
3.0,68.0,7.0,1,2.0,160.0,2.0,14.5,257.5,16.5,0,1,9.0,116.0,6.0,0
4.0,68.0,5.0,1,3.0,160.0,4.0,15.5,257.5,13.5,0,1,9.0,116.0,6.0,0
9.5,60.5,9.5,1,10.0,150.0,10.0,14.5,283.5,14.5,0,1,5.0,117.0,5.0,0
14.5,60.5,14.5,1,14.0,150.0,13.0,17.5,283.5,15.5,0,1,7.0,117.0,9.0,0
10.5,60.5,12.5,1,13.0,150.0,14.0,19.5,283.5,17.5,0,1,9.0,117.0,6.0,0
1.5,68.5,1.5,1,20.0,140.0,20.0,16.0,253.0,16.0,0,1,20.5,91.5,20.5,0
2.5,68.5,3.5,1,22.0,140.0,25.0,19.0,253.0,18.0,0,1,24.5,91.5,23.5,0
6.0,64.0,6.0,1,30.0,130.0,30.0,17.5,251.5,17.5,0,1,22.0,134.0,22.0,0
6.0,64.0,6.0,1,7.0,153.0,7.0,25.5,243.5,25.5,0,1,3.5,108.5,3.5,0
9.0,64.0,9.0,1,8.0,153.0,12.0,27.5,243.5,30.5,0,1,7.5,108.5,4.5,0
7.0,64.0,7.0,1,10.0,153.0,12.0,26.5,243.5,28.5,0,1,7.5,108.5,4.5,0
6.5,63.5,6.5,1,18.0,142.0,18.0,4.0,265.0,4.0,0,1,14.5,126.5,14.5,0
9.5,63.5,9.5,1,20.0,142.0,20.0,6.0,265.0,6.0,0,1,17.5,126.5,18.5,0
7.5,63.5,7.5,1,20.0,142.0,23.0,8.0,265.0,5.0,0,1,17.5,126.5,15.5,0
15.0,55.0,15.0,1,4.0,156.0,4.0,23.0,246.0,23.0,0,1,34.5,146.5,34.5,0
12.0,58.0,12.0,1,10.0,150.0,10.0,21.0,290.0,21.0,0,1,4.0,116.0,4.0,0
14.0,58.0,17.0,1,11.0,150.0,15.0,23.0,290.0,23.0,0,1,7.0,116.0,6.0,0
15.0,58.0,13.0,1,11.0,150.0,15.0,22.0,290.0,24.0,0,1,7.0,116.0,6.0,0
6.5,63.5,6.5,1,25.0,135.0,25.0,33.0,302.0,33.0,0,1,15.5,127.5,15.5,0
7.5,63.5,7.5,1,27.0,135.0,27.0,38.0,302.0,38.0,0,1,20.5,127.5,18.5,0
9.5,63.5,9.5,1,29.0,135.0,27.0,37.0,302.0,35.0,0,1,17.5,127.5,20.5,0
4.5,65.5,4.5,1,6.0,154.0,6.0,33.0,236.0,33.0,0,1,24.5,136.5,24.5,0
7.5,65.5,9.5,1,7.0,154.0,10.0,35.0,236.0,38.0,0,1,28.5,136.5,28.5,0
9.5,65.5,8.5,1,9.0,154.0,7.0,38.0,236.0,38.0,0,1,25.5,136.5,27.5,0
6.0,64.0,6.0,1,23.0,137.0,23.0,24.5,293.5,24.5,0,1,14.0,126.0,14.0,0
11.0,64.0,8.0,1,24.0,137.0,26.0,25.5,293.5,28.5,0,1,18.0,126.0,18.0,0
11.0,64.0,8.0,1,25.0,137.0,27.0,25.5,293.5,26.5,0,1,16.0,126.0,15.0,0
12.5,57.5,12.5,1,25.0,135.0,25.0,2.5,266.5,2.5,0,1,10.0,122.0,10.0,0
16.5,57.5,15.5,1,26.0,135.0,30.0,7.5,266.5,3.5,0,1,12.0,122.0,14.0,0
15.5,57.5,17.5,1,28.0,135.0,30.0,4.5,266.5,4.5,0,1,15.0,122.0,14.0,0
6.5,63.5,6.5,1,15.0,145.0,15.0,69.0,200.0,69.0,0,1,1.5,113.5,1.5,0
10.5,63.5,9.5,1,17.0,145.0,18.0,73.0,200.0,70.0,0,1,3.5,113.5,5.5,0
7.5,63.5,7.5,1,19.0,145.0,20.0,73.0,200.0,73.0,0,1,5.5,113.5,2.5,0
1.5,60.5,1.5,0,12.0,162.0,12.0,2.5,246.5,2.5,0,1,5.5,148.5,5.5,0
6.5,60.5,6.5,0,17.0,162.0,14.0,3.5,246.5,7.5,0,1,6.5,148.5,7.5,0
6.5,60.5,5.5,0,13.0,162.0,17.0,4.5,246.5,3.5,0,1,6.5,148.5,10.5,0
2.0,57.0,2.0,0,3.0,177.0,3.0,39.0,288.0,39.0,0,1,13.0,130.0,13.0,0
6.0,57.0,7.0,0,8.0,177.0,5.0,43.0,288.0,43.0,0,1,17.0,130.0,17.0,0
6.0,57.0,6.0,0,7.0,177.0,4.0,41.0,288.0,41.0,0,1,18.0,130.0,15.0,0
2.0,57.0,2.0,0,23.0,151.0,23.0,22.0,227.0,22.0,0,1,6.5,136.5,6.5,0
3.0,57.0,5.0,0,26.0,151.0,27.0,25.0,227.0,25.0,0,1,9.5,136.5,10.5,0
6.0,57.0,4.0,0,25.0,151.0,27.0,23.0,227.0,27.0,0,1,11.5,136.5,8.5,0
2.0,61.0,2.0,0,25.0,149.0,25.0,26.0,223.0,26.0,0,1,3.5,139.5,3.5,0
3.0,61.0,6.0,0,28.0,149.0,27.0,28.0,223.0,30.0,0,1,8.5,139.5,4.5,0
7.0,61.0,7.0,0,28.0,149.0,26.0,30.0,223.0,28.0,0,1,4.5,139.5,5.5,0
1.0,58.0,1.0,0,17.0,157.0,17.0,4.0,245.0,4.0,0,1,10.0,133.0,10.0,0
4.0,58.0,6.0,0,20.0,157.0,18.0,8.0,245.0,9.0,0,1,13.0,133.0,13.0,0
2.0,58.0,2.0,0,21.0,157.0,22.0,8.0,245.0,8.0,0,1,14.0,133.0,11.0,0
4.0,60.0,4.0,1,6.5,138.5,6.5,14.0,198.0,14.0,0,0,13.5,118.5,13.5,0
5.0,60.0,9.0,1,8.5,138.5,11.5,17.0,198.0,18.0,0,0,16.5,118.5,15.5,0
7.0,60.0,9.0,1,8.5,138.5,7.5,19.0,198.0,19.0,0,0,18.5,118.5,14.5,0
2.5,66.5,2.5,1,2.5,142.5,2.5,21.0,233.0,21.0,0,0,7.0,139.0,7.0,0
5.5,66.5,4.5,1,4.5,142.5,6.5,26.0,233.0,26.0,0,0,11.0,139.0,10.0,0
5.5,66.5,7.5,1,7.5,142.5,6.5,25.0,233.0,25.0,0,0,11.0,139.0,10.0,0
2.5,61.5,2.5,1,7.5,152.5,7.5,30.5,242.5,30.5,0,0,3.5,128.5,3.5,0
3.5,61.5,7.5,1,10.5,152.5,8.5,31.5,242.5,32.5,0,0,4.5,128.5,6.5,0
3.5,61.5,6.5,1,10.5,152.5,9.5,33.5,242.5,32.5,0,0,8.5,128.5,5.5,0
9.5,54.5,9.5,1,1.5,143.5,1.5,48.5,260.5,48.5,0,0,7.5,139.5,7.5,0
11.5,54.5,10.5,1,6.5,143.5,5.5,51.5,260.5,51.5,0,0,10.5,139.5,12.5,0
11.5,54.5,10.5,1,5.5,143.5,4.5,49.5,260.5,53.5,0,0,9.5,139.5,8.5,0
3.0,61.0,3.0,1,8.5,136.5,8.5,23.5,235.5,23.5,0,0,1.0,131.0,1.0,0
6.0,61.0,8.0,1,11.5,136.5,9.5,25.5,235.5,24.5,0,0,4.0,131.0,4.0,0
8.0,61.0,5.0,1,10.5,136.5,12.5,27.5,235.5,26.5,0,0,4.0,131.0,4.0,0
7.0,57.0,7.0,1,0.5,144.5,0.5,6.0,206.0,6.0,0,0,3.0,129.0,3.0,0
8.0,57.0,8.0,1,5.5,144.5,1.5,9.0,206.0,7.0,0,0,5.0,129.0,5.0,0
10.0,57.0,12.0,1,1.5,144.5,4.5,8.0,206.0,9.0,0,0,6.0,129.0,5.0,0
5.0,59.0,5.0,1,17.5,127.5,17.5,3.0,209.0,3.0,0,0,12.0,120.0,12.0,0
1.0,65.0,1.0,1,16.5,128.5,16.5,0.0,212.0,0.0,0,0,0.0,132.0,0.0,0
6.0,65.0,2.0,1,21.5,128.5,17.5,3.0,212.0,1.0,0,0,5.0,132.0,4.0,0
2.0,65.0,4.0,1,17.5,128.5,21.5,5.0,212.0,5.0,0,0,2.0,132.0,2.0,0
7.5,56.5,7.5,1,13.5,131.5,13.5,31.5,180.5,31.5,0,0,3.0,129.0,3.0,0
5.0,59.0,5.0,1,11.5,133.5,11.5,37.0,249.0,37.0,0,0,8.0,124.0,8.0,0
6.0,59.0,7.0,1,15.5,133.5,16.5,39.0,249.0,42.0,0,0,13.0,124.0,11.0,0
1.5,62.5,1.5,1,3.5,141.5,3.5,23.0,189.0,23.0,0,0,3.5,128.5,3.5,0
5.5,62.5,3.5,1,7.5,141.5,5.5,27.0,189.0,25.0,0,0,6.5,128.5,4.5,0
6.5,62.5,6.5,1,8.5,141.5,8.5,28.0,189.0,27.0,0,0,8.5,128.5,4.5,0
3.5,60.5,3.5,1,4.5,149.5,4.5,10.0,222.0,10.0,0,0,16.0,148.0,16.0,0
5.5,60.5,6.5,1,9.5,149.5,6.5,14.0,222.0,11.0,0,0,18.0,148.0,20.0,0
5.5,60.5,6.5,1,8.5,149.5,7.5,13.0,222.0,11.0,0,0,20.0,148.0,17.0,0
1.5,65.5,1.5,1,3.5,148.5,3.5,0.0,212.0,0.0,0,0,9.0,141.0,9.0,0
6.5,65.5,4.5,1,6.5,148.5,8.5,2.0,212.0,3.0,0,0,13.0,141.0,10.0,0
3.5,65.5,3.5,1,8.5,148.5,4.5,1.0,212.0,1.0,0,0,14.0,141.0,13.0,0
0.5,63.5,0.5,1,2.5,142.5,2.5,12.5,199.5,12.5,0,0,6.0,138.0,6.0,0
2.5,63.5,5.5,1,5.5,142.5,5.5,16.5,199.5,17.5,0,0,9.0,138.0,10.0,0
3.5,63.5,1.5,1,4.5,142.5,6.5,13.5,199.5,15.5,0,0,11.0,138.0,8.0,0
6.5,62.5,6.5,1,4.0,136.0,4.0,35.0,219.0,35.0,0,0,20.5,125.5,20.5,0
10.5,62.5,7.5,1,5.0,136.0,7.0,40.0,219.0,38.0,0,0,23.5,125.5,22.5,0
1.5,57.5,1.5,1,14.0,146.0,14.0,44.5,228.5,44.5,0,0,10.0,115.0,10.0,0
1.0,57.0,1.0,1,2.0,130.0,2.0,37.5,221.5,37.5,0,0,12.5,117.5,12.5,0
3.0,57.0,4.0,1,4.0,130.0,3.0,42.5,221.5,41.5,0,0,17.5,117.5,13.5,0
4.0,57.0,2.0,1,7.0,130.0,4.0,42.5,221.5,41.5,0,0,14.5,117.5,16.5,0
3.0,53.0,3.0,1,6.0,138.0,6.0,8.0,192.0,8.0,0,0,10.5,115.5,10.5,0
6.0,53.0,6.0,1,11.0,138.0,11.0,12.0,192.0,13.0,0,0,12.5,115.5,14.5,0
5.0,53.0,5.0,1,8.0,138.0,10.0,12.0,192.0,12.0,0,0,14.5,115.5,12.5,0
1.0,55.0,1.0,1,11.0,121.0,11.0,11.0,195.0,11.0,0,0,1.5,106.5,1.5,0
2.0,55.0,5.0,1,15.0,121.0,14.0,14.0,195.0,12.0,0,0,2.5,106.5,2.5,0
2.0,55.0,6.0,1,12.0,121.0,14.0,12.0,195.0,16.0,0,0,6.5,106.5,2.5,0
5.0,61.0,5.0,1,10.0,122.0,10.0,14.0,198.0,14.0,0,0,13.5,118.5,13.5,0
7.0,61.0,9.0,1,13.0,122.0,12.0,19.0,198.0,19.0,0,0,14.5,118.5,18.5,0
8.0,61.0,6.0,1,11.0,122.0,14.0,15.0,198.0,17.0,0,0,15.5,118.5,15.5,0
3.5,52.5,3.5,1,7.0,125.0,7.0,17.5,166.5,17.5,0,0,10.5,115.5,10.5,0
8.5,52.5,8.5,1,8.0,125.0,11.0,18.5,166.5,18.5,0,0,15.5,115.5,12.5,0
7.5,52.5,5.5,1,12.0,125.0,12.0,22.5,166.5,20.5,0,0,15.5,115.5,14.5,0
1.0,55.0,1.0,1,5.0,127.0,5.0,51.0,235.0,51.0,0,0,5.5,110.5,5.5,0
2.0,55.0,2.0,1,8.0,127.0,9.0,54.0,235.0,56.0,0,0,7.5,110.5,6.5,0
2.0,55.0,6.0,1,7.0,127.0,8.0,53.0,235.0,53.0,0,0,9.5,110.5,9.5,0
4.5,51.5,4.5,1,11.0,121.0,11.0,45.5,229.5,45.5,0,0,6.5,111.5,6.5,0
6.5,51.5,7.5,1,15.0,121.0,15.0,48.5,229.5,46.5,0,0,7.5,111.5,9.5,0
7.5,51.5,6.5,1,16.0,121.0,14.0,46.5,229.5,49.5,0,0,8.5,111.5,8.5,0
2.5,58.5,2.5,1,3.0,135.0,3.0,9.0,175.0,9.0,0,0,10.0,115.0,10.0,0
7.5,58.5,7.5,1,4.0,135.0,5.0,13.0,175.0,12.0,0,0,12.0,115.0,14.0,0
5.5,58.5,7.5,1,4.0,135.0,8.0,12.0,175.0,11.0,0,0,13.0,115.0,13.0,0
0.5,56.5,0.5,1,11.0,143.0,11.0,24.0,208.0,24.0,0,0,29.5,134.5,29.5,0
4.5,56.5,1.5,1,15.0,143.0,12.0,29.0,208.0,25.0,0,0,34.5,134.5,32.5,0
5.5,61.5,5.5,1,10.0,142.0,10.0,14.0,198.0,14.0,0,0,22.5,127.5,22.5,0
9.5,61.5,6.5,1,13.0,142.0,15.0,16.0,198.0,19.0,0,0,25.5,127.5,27.5,0
8.5,61.5,8.5,1,13.0,142.0,15.0,19.0,198.0,17.0,0,0,25.5,127.5,27.5,0
3.5,59.5,3.5,1,4.0,136.0,4.0,1.5,185.5,1.5,0,0,19.5,124.5,19.5,0
8.5,59.5,4.5,1,5.0,136.0,6.0,3.5,185.5,2.5,0,0,24.5,124.5,23.5,0
7.5,59.5,5.5,1,6.0,136.0,7.0,3.5,185.5,3.5,0,0,24.5,124.5,21.5,0
1.5,46.5,1.5,1,9.0,133.0,9.0,17.5,291.5,17.5,0,0,9.5,156.5,9.5,0
4.5,46.5,6.5,1,14.0,133.0,13.0,21.5,291.5,19.5,0,0,10.5,156.5,14.5,0
4.5,46.5,6.5,1,14.0,133.0,14.0,21.5,291.5,20.5,0,0,12.5,156.5,11.5,0
1.0,49.0,1.0,1,10.0,134.0,10.0,37.0,237.0,37.0,0,0,20.0,146.0,20.0,0
0.5,48.5,0.5,1,3.0,121.0,3.0,62.5,211.5,62.5,0,0,20.0,146.0,20.0,0
1.5,48.5,4.5,1,6.0,121.0,7.0,64.5,211.5,66.5,0,0,21.0,146.0,23.0,0
1.5,48.5,2.5,1,6.0,121.0,7.0,64.5,211.5,67.5,0,0,22.0,146.0,22.0,0
3.0,51.0,3.0,1,1.0,123.0,1.0,6.0,280.0,6.0,0,0,25.0,141.0,25.0,0
0.5,47.5,0.5,1,7.0,117.0,7.0,0.5,274.5,0.5,0,0,24.0,142.0,24.0,0
1.5,47.5,3.5,1,10.0,117.0,11.0,1.5,274.5,5.5,0,0,27.0,142.0,26.0,0
1.5,47.5,3.5,1,9.0,117.0,11.0,2.5,274.5,4.5,0,0,26.0,142.0,29.0,0
4.5,52.5,4.5,1,15.0,139.0,15.0,21.0,253.0,21.0,0,0,1.0,165.0,1.0,0
8.5,52.5,8.5,1,17.0,139.0,18.0,26.0,253.0,25.0,0,0,6.0,165.0,4.0,0
5.5,52.5,5.5,1,20.0,139.0,20.0,22.0,253.0,24.0,0,0,2.0,165.0,6.0,0
0.5,56.5,0.5,0,2.0,132.0,2.0,86.5,322.5,86.5,0,0,12.0,162.0,12.0,0
7.5,58.5,7.5,1,10.0,150.0,10.0,26.0,272.0,26.0,0,1,1.0,121.0,1.0,0
8.5,58.5,12.5,1,12.0,150.0,14.0,28.0,272.0,28.0,0,1,6.0,121.0,5.0,0
8.5,58.5,10.5,1,12.0,150.0,14.0,27.0,272.0,29.0,0,1,6.0,121.0,6.0,0
0.5,66.5,0.5,1,20.0,140.0,20.0,4.5,241.5,4.5,0,1,24.5,95.5,24.5,0
1.5,66.5,5.5,1,24.0,140.0,24.0,6.5,241.5,8.5,0,1,29.5,95.5,26.5,0
2.5,66.5,2.5,1,25.0,140.0,23.0,8.5,241.5,7.5,0,1,28.5,95.5,28.5,0
4.0,62.0,4.0,1,30.0,130.0,30.0,6.0,240.0,6.0,0,1,18.0,138.0,18.0,0
7.0,62.0,9.0,1,35.0,130.0,32.0,7.0,240.0,7.0,0,1,21.0,138.0,22.0,0
4.0,62.0,4.0,1,7.0,153.0,7.0,14.0,232.0,14.0,0,1,7.5,112.5,7.5,0
8.0,62.0,5.0,1,11.0,153.0,10.0,17.0,232.0,17.0,0,1,11.5,112.5,9.5,0
9.0,62.0,5.0,1,10.0,153.0,8.0,15.0,232.0,18.0,0,1,9.5,112.5,8.5,0
4.5,61.5,4.5,1,18.0,142.0,18.0,7.5,253.5,7.5,0,1,10.5,130.5,10.5,0
7.5,61.5,5.5,1,20.0,142.0,19.0,9.5,253.5,8.5,0,1,12.5,130.5,14.5,0
7.5,61.5,5.5,1,21.0,142.0,21.0,9.5,253.5,12.5,0,1,15.5,130.5,14.5,0
13.0,53.0,13.0,1,4.0,156.0,4.0,11.5,234.5,11.5,0,1,30.5,150.5,30.5,0
10.0,56.0,10.0,1,10.0,150.0,10.0,32.5,278.5,32.5,0,1,0.0,120.0,0.0,0
14.0,56.0,13.0,1,13.0,150.0,12.0,34.5,278.5,37.5,0,1,1.0,120.0,3.0,0
14.0,56.0,15.0,1,15.0,150.0,12.0,35.5,278.5,35.5,0,1,3.0,120.0,5.0,0
4.5,61.5,4.5,1,25.0,135.0,25.0,44.5,290.5,44.5,0,1,11.5,131.5,11.5,0
8.5,61.5,7.5,1,27.0,135.0,28.0,46.5,290.5,47.5,0,1,13.5,131.5,12.5,0
9.5,61.5,7.5,1,29.0,135.0,28.0,46.5,290.5,46.5,0,1,15.5,131.5,15.5,0
2.5,63.5,2.5,1,6.0,154.0,6.0,21.5,224.5,21.5,0,1,20.5,140.5,20.5,0
4.5,63.5,6.5,1,8.0,154.0,11.0,23.5,224.5,23.5,0,1,23.5,140.5,21.5,0
3.5,63.5,7.5,1,7.0,154.0,11.0,26.5,224.5,26.5,0,1,24.5,140.5,23.5,0
4.0,62.0,4.0,1,23.0,137.0,23.0,36.0,282.0,36.0,0,1,10.0,130.0,10.0,0
8.0,62.0,6.0,1,25.0,137.0,27.0,40.0,282.0,40.0,0,1,13.0,130.0,11.0,0
6.0,62.0,5.0,1,26.0,137.0,25.0,38.0,282.0,40.0,0,1,15.0,130.0,13.0,0
10.5,55.5,10.5,1,25.0,135.0,25.0,9.0,255.0,9.0,0,1,6.0,126.0,6.0,0
11.5,55.5,15.5,1,28.0,135.0,26.0,10.0,255.0,11.0,0,1,9.0,126.0,7.0,0
11.5,55.5,14.5,1,26.0,135.0,27.0,13.0,255.0,11.0,0,1,11.0,126.0,7.0,0
4.5,61.5,4.5,1,15.0,145.0,15.0,57.5,188.5,57.5,0,1,2.5,117.5,2.5,0
5.5,61.5,9.5,1,17.0,145.0,18.0,61.5,188.5,59.5,0,1,7.5,117.5,4.5,0
9.5,61.5,9.5,1,16.0,145.0,16.0,58.5,188.5,62.5,0,1,5.5,117.5,3.5,0
5.0,64.0,5.0,1,10.0,150.0,10.0,9.5,263.5,9.5,0,0,10.5,135.5,10.5,0
6.0,64.0,7.0,1,11.0,150.0,13.0,13.5,263.5,12.5,0,0,13.5,135.5,13.5,0
10.0,64.0,10.0,1,12.0,150.0,13.0,11.5,263.5,13.5,0,0,12.5,135.5,11.5,0
12.0,57.0,12.0,1,1.0,141.0,1.0,27.5,281.5,27.5,0,0,0.5,146.5,0.5,0
13.0,57.0,15.0,1,4.0,141.0,4.0,31.5,281.5,32.5,0,0,4.5,146.5,5.5,0
13.0,57.0,15.0,1,6.0,141.0,3.0,31.5,281.5,30.5,0,0,2.5,146.5,2.5,0
5.5,63.5,5.5,1,6.0,134.0,6.0,2.5,256.5,2.5,0,0,8.0,138.0,8.0,0
7.5,63.5,10.5,1,8.0,134.0,11.0,5.5,256.5,7.5,0,0,13.0,138.0,11.0,0
7.5,63.5,8.5,1,10.0,134.0,9.0,5.5,256.5,7.5,0,0,11.0,138.0,12.0,0
9.5,59.5,9.5,1,2.0,142.0,2.0,27.0,227.0,27.0,0,0,10.0,136.0,10.0,0
12.5,59.5,12.5,1,4.0,142.0,5.0,31.0,227.0,29.0,0,0,13.0,136.0,11.0,0
12.5,59.5,12.5,1,3.0,142.0,6.0,31.0,227.0,28.0,0,0,12.0,136.0,15.0,0
1.5,67.5,1.5,1,14.0,126.0,14.0,21.0,233.0,21.0,0,0,7.0,139.0,7.0,0
3.5,67.5,2.5,1,15.0,126.0,19.0,25.0,233.0,25.0,0,0,8.0,139.0,11.0,0
10.0,59.0,10.0,1,11.0,129.0,11.0,52.5,201.5,52.5,0,0,10.0,136.0,10.0,0
7.5,61.5,7.5,1,9.0,131.0,9.0,16.0,270.0,16.0,0,0,15.0,131.0,15.0,0
8.5,61.5,9.5,1,13.0,131.0,10.0,18.0,270.0,21.0,0,0,19.0,131.0,20.0,0
11.0,58.0,11.0,1,15.0,125.0,15.0,10.5,264.5,10.5,0,0,14.0,132.0,14.0,0
4.0,65.0,4.0,1,1.0,139.0,1.0,44.0,210.0,44.0,0,0,10.5,135.5,10.5,0
5.0,65.0,5.0,1,3.0,139.0,2.0,45.0,210.0,48.0,0,0,12.5,135.5,12.5,0
9.0,65.0,6.0,1,2.0,139.0,5.0,45.0,210.0,47.0,0,0,13.5,135.5,15.5,0
6.0,63.0,6.0,1,7.0,147.0,7.0,11.0,243.0,11.0,0,0,9.0,155.0,9.0,0
7.0,63.0,9.0,1,10.0,147.0,9.0,15.0,243.0,15.0,0,0,12.0,155.0,10.0,0
1.0,68.0,1.0,1,6.0,146.0,6.0,21.0,233.0,21.0,0,0,2.0,148.0,2.0,0
5.0,68.0,5.0,1,9.0,146.0,11.0,25.0,233.0,22.0,0,0,4.0,148.0,5.0,0
3.0,66.0,3.0,1,0.0,140.0,0.0,33.5,220.5,33.5,0,0,1.0,145.0,1.0,0
8.0,66.0,8.0,1,3.0,140.0,2.0,35.5,220.5,37.5,0,0,2.0,145.0,3.0,0
4.0,66.0,7.0,1,3.0,140.0,3.0,34.5,220.5,37.5,0,0,5.0,145.0,6.0,0
0.5,51.5,0.5,1,14.0,126.0,14.0,34.0,264.0,34.0,0,1,19.0,141.0,19.0,0
3.5,54.5,3.5,1,3.0,143.0,3.0,40.0,258.0,40.0,0,1,8.5,113.5,8.5,0
7.5,54.5,4.5,1,7.0,143.0,8.0,44.0,258.0,42.0,0,1,13.5,113.5,12.5,0
4.5,54.5,7.5,1,6.0,143.0,8.0,45.0,258.0,43.0,0,1,10.5,113.5,10.5,0
3.0,54.0,3.0,1,8.0,132.0,8.0,18.5,279.5,18.5,0,1,9.5,131.5,9.5,0
5.0,54.0,6.0,1,9.0,132.0,11.0,20.5,279.5,23.5,0,1,13.5,131.5,13.5,0
6.0,54.0,4.0,1,12.0,132.0,10.0,20.5,279.5,19.5,0,1,14.5,131.5,10.5,0
2.5,48.5,2.5,1,0.0,140.0,0.0,6.5,304.5,6.5,0,1,1.0,121.0,1.0,0
3.5,48.5,4.5,1,3.0,140.0,5.0,11.5,304.5,10.5,0,1,3.0,121.0,5.0,0
6.5,48.5,3.5,1,5.0,140.0,4.0,11.5,304.5,7.5,0,1,5.0,121.0,5.0,0
3.0,54.0,3.0,1,15.0,125.0,15.0,18.5,316.5,18.5,0,1,10.5,132.5,10.5,0
5.0,54.0,8.0,1,20.0,125.0,19.0,23.5,316.5,20.5,0,1,11.5,132.5,13.5,0
4.0,54.0,5.0,1,17.0,125.0,19.0,20.5,316.5,23.5,0,1,12.5,132.5,14.5,0
3.5,54.5,3.5,1,13.0,127.0,13.0,10.0,308.0,10.0,0,1,9.0,131.0,9.0,0
7.5,54.5,5.5,1,16.0,127.0,18.0,15.0,308.0,13.0,0,1,10.0,131.0,13.0,0
6.5,54.5,5.5,1,16.0,127.0,17.0,12.0,308.0,11.0,0,1,12.0,131.0,11.0,0
3.5,47.5,3.5,1,10.0,130.0,10.0,64.5,233.5,64.5,0,1,11.0,133.0,11.0,0
5.5,47.5,6.5,1,12.0,130.0,12.0,65.5,233.5,67.5,0,1,14.0,133.0,14.0,0
6.5,47.5,8.5,1,13.0,130.0,11.0,69.5,233.5,65.5,0,1,14.0,133.0,13.0,0
3.0,48.0,3.0,1,15.0,125.0,15.0,17.0,281.0,17.0,0,1,5.0,127.0,5.0,0
7.0,48.0,4.0,1,17.0,125.0,19.0,22.0,281.0,21.0,0,1,8.0,127.0,9.0,0
8.0,48.0,5.0,1,20.0,125.0,20.0,19.0,281.0,22.0,0,1,7.0,127.0,7.0,0
3.0,54.0,3.0,1,5.0,135.0,5.0,83.5,214.5,83.5,0,1,3.5,118.5,3.5,0
8.0,54.0,7.0,1,8.0,135.0,6.0,85.5,214.5,86.5,0,1,6.5,118.5,6.5,0
6.0,54.0,4.0,1,8.0,135.0,8.0,84.5,214.5,87.5,0,1,5.5,118.5,8.5,0
6.5,49.5,6.5,1,1.0,131.0,1.0,18.0,265.0,18.0,1,0,20.0,123.0,20.0,0
10.5,49.5,9.5,1,4.0,131.0,4.0,22.0,265.0,19.0,1,0,21.0,123.0,24.0,0
11.5,49.5,11.5,1,5.0,131.0,4.0,22.0,265.0,20.0,1,0,21.0,123.0,24.0,0
2.0,64.0,2.0,0,20.0,158.0,20.0,33.0,261.0,33.0,1,1,29.5,135.5,29.5,0
3.0,64.0,5.0,0,22.0,158.0,22.0,36.0,261.0,34.0,1,1,32.5,135.5,33.5,0
4.0,64.0,7.0,0,21.0,158.0,21.0,38.0,261.0,34.0,1,1,32.5,135.5,31.5,0
7.0,52.0,7.0,1,9.0,151.0,9.0,18.0,291.0,18.0,0,0,11.0,136.0,11.0,0
11.0,52.0,9.0,1,12.0,151.0,12.0,20.0,291.0,19.0,0,0,12.0,136.0,13.0,0
9.0,52.0,10.0,1,12.0,151.0,11.0,19.0,291.0,23.0,0,0,15.0,136.0,16.0,0
0.5,58.5,0.5,1,16.0,144.0,16.0,7.0,266.0,7.0,0,0,2.5,127.5,2.5,0
5.5,58.5,5.5,1,17.0,144.0,21.0,12.0,266.0,8.0,0,0,7.5,127.5,3.5,0
1.5,58.5,4.5,1,20.0,144.0,20.0,9.0,266.0,10.0,0,0,3.5,127.5,3.5,0
4.5,54.5,4.5,1,8.0,152.0,8.0,36.5,236.5,36.5,0,0,0.5,125.5,0.5,0
9.5,54.5,7.5,1,9.0,152.0,9.0,41.5,236.5,40.5,0,0,2.5,125.5,3.5,0
5.5,54.5,7.5,1,9.0,152.0,10.0,37.5,236.5,41.5,0,0,1.5,125.5,4.5,0
2.5,56.5,2.5,1,25.0,135.0,25.0,33.5,239.5,33.5,0,0,8.5,116.5,8.5,0
3.5,62.5,3.5,1,24.0,136.0,24.0,30.5,242.5,30.5,0,0,3.5,128.5,3.5,0
6.5,62.5,5.5,1,27.0,136.0,27.0,34.5,242.5,32.5,0,0,8.5,128.5,5.5,0
6.5,62.5,7.5,1,29.0,136.0,29.0,33.5,242.5,33.5,0,0,8.5,128.5,7.5,0
2.5,56.5,2.5,1,19.0,141.0,19.0,6.5,279.5,6.5,0,0,4.5,120.5,4.5,0
6.5,56.5,7.5,1,23.0,141.0,24.0,9.5,279.5,8.5,0,0,7.5,120.5,5.5,0
7.5,56.5,7.5,1,20.0,141.0,21.0,11.5,279.5,11.5,0,0,8.5,120.5,8.5,0
6.0,53.0,6.0,1,25.0,135.0,25.0,1.0,274.0,1.0,0,0,3.5,121.5,3.5,0
8.0,53.0,11.0,1,28.0,135.0,28.0,5.0,274.0,3.0,0,0,6.5,121.5,7.5,0
10.0,53.0,7.0,1,27.0,135.0,30.0,2.0,274.0,6.0,0,0,6.5,121.5,4.5,0
1.0,60.0,1.0,1,11.0,149.0,11.0,53.5,219.5,53.5,0,0,0.0,125.0,0.0,0
4.0,60.0,3.0,1,15.0,149.0,15.0,54.5,219.5,57.5,0,0,2.0,125.0,2.0,0
2.0,60.0,6.0,1,16.0,149.0,13.0,58.5,219.5,54.5,0,0,2.0,125.0,2.0,0
1.0,58.0,1.0,1,3.0,157.0,3.0,20.5,252.5,20.5,0,0,19.5,144.5,19.5,0
2.0,58.0,3.0,1,5.0,157.0,5.0,25.5,252.5,25.5,0,0,21.5,144.5,22.5,0
5.0,58.0,5.0,1,7.0,157.0,8.0,24.5,252.5,22.5,0,0,22.5,144.5,22.5,0
2.0,61.0,2.0,1,10.0,150.0,10.0,43.0,230.0,43.0,0,0,9.5,134.5,9.5,0
4.0,61.0,4.0,1,11.0,150.0,11.0,46.0,230.0,46.0,0,0,14.5,134.5,11.5,0
6.5,51.5,6.5,1,7.0,135.0,7.0,25.0,284.0,25.0,0,0,8.5,138.5,8.5,0
9.5,51.5,10.5,1,11.0,135.0,12.0,27.0,284.0,30.0,0,0,11.5,138.5,13.5,0
11.5,51.5,11.5,1,12.0,135.0,8.0,27.0,284.0,29.0,0,0,9.5,138.5,13.5,0
2.5,47.5,2.5,1,1.0,143.0,1.0,54.5,254.5,54.5,0,0,10.5,136.5,10.5,0
6.5,47.5,3.5,1,5.0,143.0,2.0,59.5,254.5,59.5,0,0,13.5,136.5,11.5,0
5.5,47.5,4.5,1,2.0,143.0,6.0,59.5,254.5,57.5,0,0,14.5,136.5,14.5,0
2.0,47.0,2.0,1,12.0,130.0,12.0,80.0,229.0,80.0,0,0,10.5,136.5,10.5,0
3.0,47.0,4.0,1,13.0,130.0,15.0,82.0,229.0,83.0,0,0,14.5,136.5,12.5,0
4.5,49.5,4.5,1,10.0,132.0,10.0,11.5,297.5,11.5,0,0,15.5,131.5,15.5,0
8.5,49.5,9.5,1,12.0,132.0,14.0,12.5,297.5,16.5,0,0,19.5,131.5,18.5,0
7.5,49.5,5.5,1,11.0,132.0,11.0,16.5,297.5,15.5,0,0,18.5,131.5,16.5,0
1.0,46.0,1.0,1,16.0,126.0,16.0,17.0,292.0,17.0,0,0,14.5,132.5,14.5,0
3.0,46.0,3.0,1,19.0,126.0,18.0,18.0,292.0,22.0,0,0,18.5,132.5,19.5,0
5.0,46.0,6.0,1,21.0,126.0,20.0,18.0,292.0,20.0,0,0,15.5,132.5,18.5,0
8.0,53.0,8.0,1,2.0,140.0,2.0,71.5,237.5,71.5,0,0,11.0,136.0,11.0,0
12.0,53.0,12.0,1,6.0,140.0,5.0,72.5,237.5,73.5,0,0,15.0,136.0,12.0,0
12.0,53.0,9.0,1,4.0,140.0,5.0,72.5,237.5,76.5,0,0,14.0,136.0,12.0,0
6.0,51.0,6.0,1,6.0,148.0,6.0,38.5,270.5,38.5,0,0,8.5,155.5,8.5,0
8.0,51.0,7.0,1,8.0,148.0,9.0,41.5,270.5,43.5,0,0,11.5,155.5,10.5,0
10.0,51.0,10.0,1,10.0,148.0,8.0,39.5,270.5,43.5,0,0,12.5,155.5,12.5,0
11.0,56.0,11.0,1,5.0,147.0,5.0,48.5,260.5,48.5,0,0,1.5,148.5,1.5,0
13.0,56.0,12.0,1,6.0,147.0,8.0,52.5,260.5,50.5,0,0,4.5,148.5,4.5,0
14.0,56.0,15.0,1,10.0,147.0,8.0,53.5,260.5,50.5,0,0,2.5,148.5,3.5,0
9.0,54.0,9.0,1,1.0,141.0,1.0,61.0,248.0,61.0,0,0,1.5,145.5,1.5,0
13.0,54.0,11.0,1,5.0,141.0,6.0,63.0,248.0,65.0,0,0,3.5,145.5,2.5,0
14.0,54.0,10.0,1,5.0,141.0,3.0,66.0,248.0,64.0,0,0,3.5,145.5,3.5,0
4.0,54.0,4.0,1,8.0,136.0,8.0,29.5,229.5,29.5,0,0,2.0,128.0,2.0,0
9.0,54.0,6.0,1,9.0,136.0,9.0,31.5,229.5,32.5,0,0,7.0,128.0,3.0,0
2.0,56.0,2.0,1,9.0,119.0,9.0,26.5,232.5,26.5,0,0,11.0,119.0,11.0,0
7.0,56.0,4.0,1,14.0,119.0,11.0,27.5,232.5,28.5,0,0,15.0,119.0,13.0,0
4.0,62.0,4.0,1,8.0,120.0,8.0,23.5,235.5,23.5,0,0,1.0,131.0,1.0,0
8.0,62.0,9.0,1,11.0,120.0,13.0,25.5,235.5,27.5,0,0,4.0,131.0,4.0,0
6.0,62.0,9.0,1,10.0,120.0,9.0,28.5,235.5,26.5,0,0,3.0,131.0,2.0,0
4.5,53.5,4.5,1,5.0,123.0,5.0,55.0,204.0,55.0,0,0,2.0,128.0,2.0,0
2.0,56.0,2.0,1,3.0,125.0,3.0,13.5,272.5,13.5,0,0,7.0,123.0,7.0,0
5.0,56.0,6.0,1,6.0,125.0,5.0,15.5,272.5,14.5,0,0,9.0,123.0,9.0,0
4.0,56.0,5.0,1,8.0,125.0,4.0,16.5,272.5,15.5,0,0,10.0,123.0,11.0,0
5.5,52.5,5.5,1,9.0,119.0,9.0,8.0,267.0,8.0,0,0,6.0,124.0,6.0,0
7.5,52.5,8.5,1,14.0,119.0,10.0,12.0,267.0,11.0,0,0,10.0,124.0,10.0,0
8.5,52.5,6.5,1,11.0,119.0,11.0,12.0,267.0,11.0,0,0,10.0,124.0,10.0,0
1.5,59.5,1.5,1,5.0,133.0,5.0,46.5,212.5,46.5,0,0,2.5,127.5,2.5,0
3.5,59.5,2.5,1,7.0,133.0,8.0,47.5,212.5,50.5,0,0,6.5,127.5,3.5,0
6.5,59.5,4.5,1,6.0,133.0,9.0,47.5,212.5,51.5,0,0,4.5,127.5,7.5,0
0.5,57.5,0.5,1,13.0,141.0,13.0,13.5,245.5,13.5,0,0,17.0,147.0,17.0,0
4.5,57.5,2.5,1,18.0,141.0,16.0,16.5,245.5,17.5,0,0,20.0,147.0,22.0,0
2.5,57.5,4.5,1,17.0,141.0,15.0,15.5,245.5,18.5,0,0,22.0,147.0,19.0,0
4.5,62.5,4.5,1,12.0,140.0,12.0,23.5,235.5,23.5,0,0,10.0,140.0,10.0,0
5.5,62.5,6.5,1,17.0,140.0,17.0,27.5,235.5,24.5,0,0,14.0,140.0,13.0,0
8.5,62.5,9.5,1,13.0,140.0,13.0,25.5,235.5,24.5,0,0,15.0,140.0,15.0,0
2.5,60.5,2.5,1,6.0,134.0,6.0,36.0,223.0,36.0,0,0,7.0,137.0,7.0,0
3.5,60.5,5.5,1,9.0,134.0,9.0,41.0,223.0,37.0,0,0,9.0,137.0,10.0,0
7.5,60.5,3.5,1,11.0,134.0,7.0,37.0,223.0,40.0,0,0,12.0,137.0,10.0,0
2.0,52.0,2.0,1,17.0,127.0,17.0,3.0,203.0,3.0,0,0,9.0,117.0,9.0,0
6.0,52.0,5.0,1,21.0,127.0,22.0,7.0,203.0,8.0,0,0,13.0,117.0,14.0,0
5.0,52.0,3.0,1,22.0,127.0,18.0,7.0,203.0,8.0,0,0,14.0,117.0,14.0,0
8.0,58.0,8.0,1,16.0,128.0,16.0,6.0,206.0,6.0,0,0,3.0,129.0,3.0,0
0.5,49.5,0.5,1,13.0,131.0,13.0,25.5,174.5,25.5,0,0,0.0,126.0,0.0,0
5.5,49.5,5.5,1,17.0,131.0,15.0,27.5,174.5,27.5,0,0,3.0,126.0,2.0,0
1.5,49.5,1.5,1,16.0,131.0,16.0,26.5,174.5,29.5,0,0,5.0,126.0,4.0,0
1.5,48.5,1.5,1,17.0,127.0,17.0,37.5,237.5,37.5,0,0,4.0,122.0,4.0,0
5.5,55.5,5.5,1,3.0,141.0,3.0,17.0,183.0,17.0,0,0,0.5,125.5,0.5,0
9.5,55.5,6.5,1,4.0,141.0,5.0,20.0,183.0,20.0,0,0,2.5,125.5,5.5,0
6.5,55.5,9.5,1,4.0,141.0,4.0,20.0,183.0,19.0,0,0,3.5,125.5,4.5,0
3.5,53.5,3.5,1,5.0,149.0,5.0,16.0,216.0,16.0,0,0,19.0,145.0,19.0,0
7.5,53.5,7.5,1,10.0,149.0,6.0,17.0,216.0,17.0,0,0,23.0,145.0,21.0,0
6.5,53.5,5.5,1,6.0,149.0,10.0,20.0,216.0,20.0,0,0,23.0,145.0,20.0,0
8.5,58.5,8.5,1,4.0,148.0,4.0,6.0,206.0,6.0,0,0,12.0,138.0,12.0,0
10.5,58.5,12.5,1,7.0,148.0,9.0,9.0,206.0,9.0,0,0,13.0,138.0,14.0,0
12.5,58.5,12.5,1,7.0,148.0,6.0,10.0,206.0,11.0,0,0,14.0,138.0,16.0,0
6.5,56.5,6.5,1,2.0,142.0,2.0,6.5,193.5,6.5,0,0,9.0,135.0,9.0,0
11.5,56.5,7.5,1,5.0,142.0,3.0,11.5,193.5,8.5,0,0,11.0,135.0,13.0,0
11.5,56.5,10.5,1,5.0,142.0,6.0,9.5,193.5,9.5,0,0,10.0,135.0,14.0,0
3.5,58.5,3.5,0,15.0,165.0,15.0,41.5,285.5,41.5,0,1,18.5,135.5,18.5,0
3.5,58.5,3.5,0,11.0,139.0,11.0,19.5,224.5,19.5,0,1,12.0,142.0,12.0,0
6.5,58.5,8.5,0,15.0,139.0,15.0,21.5,224.5,20.5,0,1,15.0,142.0,14.0,0
8.5,58.5,7.5,0,12.0,139.0,15.0,23.5,224.5,22.5,0,1,17.0,142.0,14.0,0
0.5,62.5,0.5,0,13.0,137.0,13.0,23.5,220.5,23.5,0,1,9.0,145.0,9.0,0
1.5,62.5,3.5,0,15.0,137.0,15.0,24.5,220.5,25.5,0,1,13.0,145.0,13.0,0
4.5,62.5,1.5,0,18.0,137.0,14.0,28.5,220.5,24.5,0,1,12.0,145.0,11.0,0
2.5,59.5,2.5,0,5.0,145.0,5.0,1.5,242.5,1.5,0,1,15.5,138.5,15.5,0
5.5,59.5,5.5,0,6.0,145.0,7.0,5.5,242.5,4.5,0,1,19.5,138.5,16.5,0
3.5,59.5,6.5,0,7.0,145.0,6.0,6.5,242.5,3.5,0,1,19.5,138.5,19.5,0
7.0,45.0,7.0,1,4.0,116.0,4.0,0.5,230.5,0.5,0,1,11.0,171.0,11.0,0
9.0,45.0,9.0,1,6.0,116.0,8.0,1.5,230.5,2.5,0,1,12.0,171.0,16.0,0
8.0,45.0,8.0,1,5.0,116.0,9.0,3.5,230.5,2.5,0,1,14.0,171.0,16.0,0
10.0,48.0,10.0,1,10.0,110.0,10.0,1.5,232.5,1.5,0,1,13.0,169.0,13.0,0
1.0,39.0,1.0,1,16.0,136.0,16.0,4.0,227.0,4.0,0,1,0.5,181.5,0.5,0
4.0,39.0,4.0,1,19.0,136.0,21.0,7.0,227.0,6.0,0,1,1.5,181.5,2.5,0
3.0,39.0,3.0,1,19.0,136.0,20.0,6.0,227.0,6.0,0,1,2.5,181.5,1.5,0
7.5,59.5,7.5,1,4.0,116.0,4.0,3.5,233.5,3.5,0,1,44.5,115.5,44.5,0
11.5,59.5,9.5,1,9.0,116.0,7.0,6.5,233.5,5.5,0,1,47.5,115.5,45.5,0
11.5,59.5,10.5,1,5.0,116.0,6.0,6.5,233.5,4.5,0,1,48.5,115.5,47.5,0
3.0,55.0,3.0,1,6.0,106.0,6.0,2.0,232.0,2.0,0,1,2.0,158.0,2.0,0
4.0,55.0,7.0,1,11.0,106.0,10.0,3.0,232.0,4.0,0,1,6.0,158.0,7.0,0
8.0,55.0,6.0,1,10.0,106.0,8.0,5.0,232.0,7.0,0,1,7.0,158.0,7.0,0
3.0,55.0,3.0,1,17.0,129.0,17.0,6.0,224.0,6.0,0,1,27.5,132.5,27.5,0
2.5,54.5,2.5,1,6.0,118.0,6.0,15.5,245.5,15.5,0,1,9.5,150.5,9.5,0
3.5,54.5,4.5,1,8.0,118.0,8.0,17.5,245.5,16.5,0,1,13.5,150.5,11.5,0
7.5,54.5,5.5,1,7.0,118.0,11.0,20.5,245.5,20.5,0,1,13.5,150.5,13.5,0
3.0,49.0,3.0,1,14.0,126.0,14.0,40.5,270.5,40.5,0,1,20.0,140.0,20.0,0
3.5,55.5,3.5,1,11.0,123.0,11.0,13.0,217.0,13.0,0,1,1.0,161.0,1.0,0
2.5,54.5,2.5,1,1.0,111.0,1.0,52.5,282.5,52.5,0,1,8.5,151.5,8.5,0
7.5,54.5,3.5,1,6.0,111.0,2.0,55.5,282.5,55.5,0,1,12.5,151.5,10.5,0
4.5,56.5,4.5,1,18.0,130.0,18.0,13.5,216.5,13.5,0,1,0.5,160.5,0.5,0
5.5,56.5,7.5,1,21.0,130.0,20.0,15.5,216.5,17.5,0,1,4.5,160.5,1.5,0
3.0,55.0,3.0,1,1.0,113.0,1.0,44.0,274.0,44.0,0,1,10.0,150.0,10.0,0
4.0,55.0,5.0,1,2.0,113.0,2.0,47.0,274.0,45.0,0,1,15.0,150.0,11.0,0
6.0,55.0,8.0,1,6.0,113.0,2.0,48.0,274.0,45.0,0,1,14.0,150.0,12.0,0
4.0,48.0,4.0,1,4.0,116.0,4.0,30.5,199.5,30.5,0,1,8.0,152.0,8.0,0
3.5,48.5,3.5,1,1.0,111.0,1.0,17.0,247.0,17.0,0,1,14.0,146.0,14.0,0
4.5,48.5,5.5,1,4.0,111.0,4.0,21.0,247.0,22.0,0,1,16.0,146.0,15.0,0
2.5,54.5,2.5,1,9.0,121.0,9.0,49.5,180.5,49.5,0,1,22.5,137.5,22.5,0
6.0,60.0,6.0,1,1.0,111.0,1.0,3.0,209.0,3.0,0,0,12.0,120.0,12.0,0
11.0,60.0,9.0,1,3.0,111.0,3.0,8.0,209.0,5.0,0,0,16.0,120.0,16.0,0
10.0,60.0,10.0,1,4.0,111.0,2.0,8.0,209.0,5.0,0,0,13.0,120.0,13.0,0
2.5,51.5,2.5,1,4.0,114.0,4.0,28.5,177.5,28.5,0,0,9.0,117.0,9.0,0
4.5,51.5,7.5,1,5.0,114.0,5.0,29.5,177.5,31.5,0,0,12.0,117.0,10.0,0
4.5,51.5,5.5,1,9.0,114.0,9.0,30.5,177.5,31.5,0,0,13.0,117.0,14.0,0
2.0,54.0,1.0,1,9.0,116.0,10.0,42.0,246.0,43.0,0,0,5.0,112.0,6.0,0
1.0,54.0,2.0,1,8.0,116.0,8.0,41.0,246.0,41.0,0,0,6.0,112.0,8.0,0
3.5,50.5,3.5,1,0.0,110.0,0.0,34.5,240.5,34.5,0,0,5.0,113.0,5.0,0
8.5,50.5,4.5,1,2.0,110.0,5.0,35.5,240.5,39.5,0,0,9.0,113.0,9.0,0
7.5,50.5,7.5,1,2.0,110.0,1.0,35.5,240.5,38.5,0,0,10.0,113.0,6.0,0
3.5,57.5,3.5,1,14.0,124.0,14.0,20.0,186.0,20.0,0,0,8.5,116.5,8.5,0
8.5,57.5,5.5,1,17.0,124.0,16.0,22.0,186.0,21.0,0,0,12.5,116.5,9.5,0
4.5,57.5,5.5,1,16.0,124.0,16.0,23.0,186.0,24.0,0,0,12.5,116.5,9.5,0
4.5,58.5,4.5,1,15.0,125.0,15.0,9.5,196.5,9.5,0,0,18.0,126.0,18.0,0
9.5,58.5,7.5,1,16.0,125.0,20.0,10.5,196.5,13.5,0,0,19.0,126.0,20.0,0
9.5,58.5,8.5,1,17.0,125.0,20.0,11.5,196.5,11.5,0,0,22.0,126.0,21.0,0
8.5,57.5,8.5,1,3.0,115.0,3.0,31.5,180.5,31.5,0,0,3.0,129.0,3.0,0
12.5,57.5,12.5,1,6.0,115.0,4.0,35.5,180.5,32.5,0,0,8.0,129.0,8.0,0
12.5,57.5,13.5,1,6.0,115.0,8.0,35.5,180.5,34.5,0,0,4.0,129.0,5.0,0
6.0,60.0,6.0,1,5.0,117.0,5.0,37.0,249.0,37.0,0,0,8.0,124.0,8.0,0
8.0,60.0,8.0,1,10.0,117.0,10.0,40.0,249.0,42.0,0,0,11.0,124.0,12.0,0
9.5,56.5,9.5,1,1.0,111.0,1.0,31.5,243.5,31.5,0,0,7.0,125.0,7.0,0
10.5,56.5,14.5,1,5.0,111.0,5.0,33.5,243.5,34.5,0,0,8.0,125.0,10.0,0
13.5,56.5,11.5,1,6.0,111.0,4.0,35.5,243.5,33.5,0,0,8.0,125.0,12.0,0
2.5,63.5,2.5,1,13.0,125.0,13.0,23.0,189.0,23.0,0,0,3.5,128.5,3.5,0
5.5,63.5,4.5,1,14.0,125.0,16.0,28.0,189.0,25.0,0,0,6.5,128.5,5.5,0
4.5,63.5,3.5,1,15.0,125.0,18.0,24.0,189.0,28.0,0,0,5.5,128.5,7.5,0
4.5,61.5,4.5,1,21.0,133.0,21.0,10.0,222.0,10.0,0,0,16.0,148.0,16.0,0
0.5,66.5,0.5,1,20.0,132.0,20.0,0.0,212.0,0.0,0,0,9.0,141.0,9.0,0
1.5,64.5,1.5,1,14.0,126.0,14.0,12.5,199.5,12.5,0,0,6.0,138.0,6.0,0
2.0,55.0,1.0,0,28.0,154.0,31.0,64.0,266.0,63.0,0,1,11.5,123.5,9.5,0
3.0,55.0,1.0,0,30.0,154.0,29.0,63.0,266.0,64.0,0,1,11.5,123.5,10.5,0
4.0,59.0,4.0,0,28.0,152.0,28.0,65.0,262.0,65.0,0,1,9.5,126.5,9.5,0
1.0,56.0,1.0,0,20.0,160.0,20.0,43.0,284.0,43.0,0,1,3.0,120.0,3.0,0
4.0,56.0,5.0,0,21.0,160.0,22.0,45.0,284.0,47.0,0,1,6.0,120.0,7.0,0
6.0,56.0,3.0,0,21.0,160.0,25.0,46.0,284.0,47.0,0,1,6.0,120.0,8.0,0
2.5,51.5,2.5,1,2.0,120.0,2.0,68.5,217.5,68.5,0,0,5.0,121.0,5.0,0
1.0,48.0,1.0,1,4.0,114.0,4.0,63.0,212.0,63.0,0,0,4.0,122.0,4.0,0
3.0,48.0,5.0,1,6.0,114.0,9.0,66.0,212.0,67.0,0,0,6.0,122.0,6.0,0
6.0,48.0,5.0,1,9.0,114.0,6.0,65.0,212.0,66.0,0,0,6.0,122.0,7.0,0
6.0,55.0,6.0,1,10.0,128.0,10.0,8.5,157.5,8.5,0,0,0.5,125.5,0.5,0
10.0,55.0,7.0,1,13.0,128.0,14.0,9.5,157.5,9.5,0,0,4.5,125.5,4.5,0
7.0,55.0,8.0,1,13.0,128.0,15.0,11.5,157.5,12.5,0,0,5.5,125.5,5.5,0
9.0,58.0,9.0,1,17.0,135.0,17.0,31.5,180.5,31.5,0,0,12.0,138.0,12.0,0
7.0,56.0,7.0,1,11.0,129.0,11.0,19.0,168.0,19.0,0,0,9.0,135.0,9.0,0
8.0,56.0,8.0,1,14.0,129.0,13.0,24.0,168.0,22.0,0,0,14.0,135.0,12.0,0
8.0,56.0,9.0,1,14.0,129.0,13.0,22.0,168.0,21.0,0,0,11.0,135.0,11.0,0
3.5,50.5,3.5,1,6.0,116.0,6.0,5.5,280.5,5.5,0,0,1.0,117.0,1.0,0
8.5,50.5,4.5,1,11.0,116.0,9.0,8.5,280.5,7.5,0,0,3.0,117.0,2.0,0
8.5,50.5,7.5,1,7.0,116.0,11.0,9.5,280.5,6.5,0,0,6.0,117.0,4.0,0
3.5,57.5,3.5,1,8.0,130.0,8.0,60.0,226.0,60.0,0,0,4.5,120.5,4.5,0
5.5,57.5,4.5,1,9.0,130.0,12.0,64.0,226.0,64.0,0,0,9.5,120.5,7.5,0
6.5,60.5,6.5,1,15.0,137.0,15.0,37.0,249.0,37.0,0,0,17.0,133.0,17.0,0
4.5,58.5,4.5,1,9.0,131.0,9.0,49.5,236.5,49.5,0,0,14.0,130.0,14.0,0
8.5,58.5,6.5,1,10.0,131.0,12.0,53.5,236.5,53.5,0,0,16.0,130.0,18.0,0
4.5,62.5,4.5,1,10.0,110.0,10.0,1.5,235.5,1.5,0,1,42.5,113.5,42.5,0
5.5,62.5,7.5,1,13.0,110.0,15.0,6.5,235.5,6.5,0,1,44.5,113.5,46.5,0
8.5,62.5,7.5,1,13.0,110.0,13.0,3.5,235.5,5.5,0,1,45.5,113.5,44.5,0
4.5,62.5,4.5,1,13.0,133.0,13.0,9.5,227.5,9.5,0,1,17.0,88.0,17.0,0
5.5,62.5,9.5,1,17.0,133.0,15.0,12.5,227.5,12.5,0,1,21.0,88.0,19.0,0
6.5,62.5,8.5,1,16.0,133.0,14.0,12.5,227.5,10.5,0,1,21.0,88.0,19.0,0
5.0,62.0,5.0,1,2.0,122.0,2.0,12.0,249.0,12.0,0,1,35.0,106.0,35.0,0
7.0,62.0,7.0,1,3.0,122.0,5.0,16.0,249.0,16.0,0,1,38.0,106.0,39.0,0
5.0,62.0,5.0,1,5.0,115.0,5.0,49.0,286.0,49.0,0,1,36.0,107.0,36.0,0
8.0,62.0,8.0,1,10.0,115.0,6.0,51.0,286.0,53.0,0,1,39.0,107.0,39.0,0
8.0,62.0,10.0,1,6.0,115.0,9.0,52.0,286.0,51.0,0,1,40.0,107.0,38.0,0
4.5,62.5,4.5,1,3.0,117.0,3.0,40.5,277.5,40.5,0,1,34.5,105.5,34.5,0
6.5,62.5,9.5,1,5.0,117.0,4.0,42.5,277.5,44.5,0,1,36.5,105.5,39.5,0
6.5,62.5,9.5,1,5.0,117.0,5.0,42.5,277.5,42.5,0,1,36.5,105.5,37.5,0
11.0,56.0,11.0,1,5.0,115.0,5.0,13.5,250.5,13.5,0,1,30.5,101.5,30.5,0
15.0,56.0,12.0,1,9.0,115.0,6.0,16.5,250.5,17.5,0,1,31.5,101.5,33.5,0
13.0,56.0,15.0,1,10.0,115.0,9.0,17.5,250.5,16.5,0,1,32.5,101.5,33.5,0
5.0,62.0,5.0,1,5.0,125.0,5.0,53.0,184.0,53.0,0,1,22.0,93.0,22.0,0
7.0,62.0,6.0,1,8.0,125.0,6.0,56.0,184.0,56.0,0,1,23.0,93.0,25.0,0
10.0,62.0,7.0,1,10.0,125.0,8.0,58.0,184.0,54.0,0,1,25.0,93.0,26.0,0
3.0,58.0,2.0,1,27.0,123.0,24.0,11.0,226.0,10.0,0,1,26.5,130.5,28.5,0
1.0,58.0,5.0,1,24.0,123.0,26.0,13.0,226.0,9.0,0,1,28.5,130.5,27.5,0
0.5,57.5,0.5,1,12.0,112.0,12.0,13.5,247.5,13.5,0,1,7.5,148.5,7.5,0
2.5,57.5,5.5,1,17.0,112.0,14.0,14.5,247.5,18.5,0,1,9.5,148.5,11.5,0
1.5,57.5,5.5,1,14.0,112.0,14.0,15.5,247.5,15.5,0,1,8.5,148.5,12.5,0
0.5,58.5,0.5,1,17.0,117.0,17.0,15.0,219.0,15.0,0,1,3.0,159.0,3.0,0
0.5,57.5,0.5,1,5.0,105.0,5.0,50.5,284.5,50.5,0,1,6.5,149.5,6.5,0
5.0,58.0,1.0,1,10.0,107.0,10.0,44.0,276.0,46.0,0,1,13.0,148.0,10.0,0
7.0,51.0,7.0,1,10.0,110.0,10.0,32.5,201.5,32.5,0,1,6.0,150.0,6.0,0
6.5,51.5,6.5,1,5.0,105.0,5.0,15.0,249.0,15.0,0,1,12.0,144.0,12.0,0
0.5,57.5,0.5,1,15.0,115.0,15.0,51.5,182.5,51.5,0,1,20.5,135.5,20.5,0
1.5,57.5,2.5,1,17.0,115.0,17.0,54.5,182.5,54.5,0,1,22.5,135.5,22.5,0
3.5,57.5,1.5,1,18.0,115.0,19.0,56.5,182.5,54.5,0,1,21.5,135.5,23.5,0
0.5,57.5,0.5,1,11.0,135.0,11.0,21.5,239.5,21.5,0,1,18.0,123.0,18.0,0
2.5,57.5,4.5,1,13.0,135.0,16.0,26.5,239.5,24.5,0,1,22.0,123.0,22.0,0
3.5,57.5,2.5,1,12.0,135.0,16.0,22.5,239.5,23.5,0,1,21.0,123.0,22.0,0
9.0,49.0,9.0,1,3.0,149.0,3.0,2.5,220.5,2.5,0,1,38.0,143.0,38.0,0
14.0,49.0,10.0,1,7.0,149.0,5.0,3.5,220.5,6.5,0,1,39.0,143.0,41.0,0
13.0,49.0,10.0,1,7.0,149.0,4.0,3.5,220.5,4.5,0,1,43.0,143.0,39.0,0
6.0,52.0,6.0,1,3.0,143.0,3.0,46.5,264.5,46.5,0,1,7.5,112.5,7.5,0
10.0,52.0,10.0,1,6.0,143.0,8.0,48.5,264.5,48.5,0,1,12.5,112.5,11.5,0
8.0,52.0,8.0,1,8.0,143.0,6.0,49.5,264.5,47.5,0,1,8.5,112.5,12.5,0
0.5,58.5,0.5,1,6.0,140.0,6.0,7.0,211.0,7.0,0,1,28.5,133.5,28.5,0
5.5,58.5,1.5,1,8.0,140.0,11.0,10.0,211.0,8.0,0,1,30.5,133.5,31.5,0
5.5,58.5,3.5,1,11.0,140.0,8.0,12.0,211.0,11.0,0,1,32.5,133.5,33.5,0
0.5,57.5,0.5,1,18.0,128.0,18.0,58.5,276.5,58.5,0,1,19.0,124.0,19.0,0
5.5,57.5,4.5,1,21.0,128.0,19.0,60.5,276.5,59.5,0,1,20.0,124.0,22.0,0
3.5,57.5,1.5,1,23.0,128.0,21.0,59.5,276.5,62.5,0,1,21.0,124.0,21.0,0
1.5,59.5,1.5,1,1.0,147.0,1.0,7.5,210.5,7.5,0,1,28.0,133.0,28.0,0
6.5,59.5,4.5,1,5.0,147.0,5.0,9.5,210.5,8.5,0,1,31.0,133.0,29.0,0
6.5,59.5,3.5,1,4.0,147.0,6.0,12.5,210.5,9.5,0,1,29.0,133.0,32.0,0
1.0,58.0,2.0,1,17.0,130.0,18.0,53.0,268.0,51.0,0,1,18.5,122.5,21.5,0
4.0,58.0,1.0,1,18.0,130.0,19.0,52.0,268.0,54.0,0,1,22.5,122.5,21.5,0
7.0,51.0,7.0,1,13.0,133.0,13.0,24.5,193.5,24.5,0,1,19.5,124.5,19.5,0
12.0,51.0,9.0,1,14.0,133.0,14.0,28.5,193.5,27.5,0,1,22.5,124.5,24.5,0
8.0,51.0,11.0,1,14.0,133.0,14.0,27.5,193.5,25.5,0,1,22.5,124.5,20.5,0
6.5,51.5,6.5,1,18.0,128.0,18.0,23.0,241.0,23.0,0,1,13.5,118.5,13.5,0
9.5,51.5,9.5,1,19.0,128.0,20.0,27.0,241.0,28.0,0,1,16.5,118.5,18.5,0
7.5,51.5,8.5,1,20.0,128.0,23.0,24.0,241.0,25.0,0,1,15.5,118.5,14.5,0
0.5,57.5,0.5,1,8.0,138.0,8.0,43.5,174.5,43.5,0,1,5.0,110.0,5.0,0
4.5,57.5,1.5,1,11.0,138.0,10.0,44.5,174.5,46.5,0,1,9.0,110.0,8.0,0
3.5,57.5,1.5,1,12.0,138.0,9.0,46.5,174.5,48.5,0,1,10.0,110.0,6.0,0
5.5,51.5,5.5,1,8.0,132.0,8.0,25.0,286.0,25.0,0,1,10.5,130.5,10.5,0
8.5,51.5,10.5,1,11.0,132.0,13.0,29.0,286.0,30.0,0,1,15.5,130.5,15.5,0
8.5,51.5,6.5,1,10.0,132.0,10.0,27.0,286.0,27.0,0,1,14.5,130.5,11.5,0
1.0,58.0,1.0,1,5.0,129.0,5.0,28.5,232.5,28.5,0,1,10.5,151.5,10.5,0
3.0,57.0,1.0,1,10.0,117.0,10.0,42.0,298.0,42.0,0,1,6.0,142.0,6.0,0
5.0,57.0,2.0,1,9.0,117.0,12.0,42.0,298.0,38.0,0,1,3.0,142.0,5.0,0
0.5,57.5,0.5,1,5.0,119.0,5.0,28.5,289.5,28.5,0,1,0.5,140.5,0.5,0
5.5,57.5,1.5,1,9.0,119.0,8.0,31.5,289.5,33.5,0,1,1.5,140.5,1.5,0
5.5,57.5,3.5,1,6.0,119.0,8.0,32.5,289.5,30.5,0,1,4.5,140.5,2.5,0
6.5,50.5,6.5,1,2.0,122.0,2.0,46.0,215.0,46.0,0,1,1.5,142.5,1.5,0
11.5,50.5,8.5,1,6.0,122.0,5.0,48.0,215.0,48.0,0,1,3.5,142.5,4.5,0
11.5,50.5,11.5,1,7.0,122.0,5.0,51.0,215.0,51.0,0,1,5.5,142.5,6.5,0
6.0,51.0,6.0,1,7.0,117.0,7.0,1.5,262.5,1.5,0,1,4.5,136.5,4.5,0
8.0,51.0,7.0,1,9.0,117.0,10.0,6.5,262.5,3.5,0,1,8.5,136.5,6.5,0
11.0,51.0,10.0,1,9.0,117.0,10.0,6.5,262.5,3.5,0,1,9.5,136.5,9.5,0
1.0,57.0,5.0,1,8.0,127.0,6.0,66.0,196.0,68.0,0,1,15.0,128.0,17.0,0
2.0,57.0,3.0,1,6.0,127.0,7.0,70.0,196.0,70.0,0,1,17.0,128.0,18.0,0
2.0,59.0,2.0,1,8.0,146.0,8.0,33.0,199.0,33.0,0,0,19.5,144.5,19.5,0
6.0,59.0,4.0,1,10.0,146.0,13.0,35.0,199.0,36.0,0,0,24.5,144.5,20.5,0
6.0,59.0,5.0,1,11.0,146.0,9.0,36.0,199.0,34.0,0,0,24.5,144.5,24.5,0
3.0,64.0,3.0,1,7.0,145.0,7.0,23.0,189.0,23.0,0,0,12.5,137.5,12.5,0
4.0,64.0,8.0,1,11.0,145.0,11.0,26.0,189.0,24.0,0,0,16.5,137.5,15.5,0
5.0,64.0,6.0,1,8.0,145.0,9.0,27.0,189.0,28.0,0,0,13.5,137.5,17.5,0
1.0,62.0,1.0,1,1.0,139.0,1.0,10.5,176.5,10.5,0,0,9.5,134.5,9.5,0
4.0,62.0,6.0,1,2.0,139.0,6.0,13.5,176.5,12.5,0,0,11.5,134.5,12.5,0
2.0,62.0,4.0,1,3.0,139.0,2.0,15.5,176.5,13.5,0,0,14.5,134.5,11.5,0
3.5,55.5,3.5,1,1.0,127.0,1.0,7.0,211.0,7.0,1,1,11.0,145.0,11.0,0
5.5,55.5,4.5,1,6.0,127.0,3.0,9.0,211.0,9.0,1,1,13.0,145.0,16.0,0
8.5,55.5,8.5,1,5.0,127.0,4.0,12.0,211.0,11.0,1,1,16.0,145.0,13.0,0
8.0,60.0,8.0,1,8.0,136.0,8.0,5.5,198.5,5.5,1,1,7.5,148.5,7.5,0
9.0,60.0,9.0,1,12.0,136.0,13.0,7.5,198.5,8.5,1,1,10.5,148.5,10.5,0
10.0,60.0,12.0,1,11.0,136.0,11.0,10.5,198.5,10.5,1,1,10.5,148.5,12.5,0
4.5,63.5,4.5,1,9.0,135.0,9.0,12.5,205.5,12.5,1,1,3.5,137.5,3.5,0
5.5,63.5,9.5,1,12.0,135.0,11.0,13.5,205.5,16.5,1,1,6.5,137.5,8.5,0
8.5,63.5,9.5,1,14.0,135.0,10.0,14.5,205.5,14.5,1,1,4.5,137.5,4.5,0
10.5,50.5,10.5,1,2.0,150.0,2.0,10.0,213.0,10.0,0,1,10.0,171.0,10.0,0
12.5,50.5,12.5,1,7.0,150.0,3.0,13.0,213.0,13.0,0,1,14.0,171.0,13.0,0
14.5,50.5,12.5,1,7.0,150.0,3.0,11.0,213.0,11.0,0,1,13.0,171.0,12.0,0
5.5,51.5,5.5,1,15.0,125.0,15.0,12.0,323.0,12.0,0,1,11.5,131.5,11.5,0
7.5,51.5,10.5,1,19.0,125.0,18.0,14.0,323.0,15.0,0,1,12.5,131.5,14.5,0
8.5,51.5,7.5,1,20.0,125.0,17.0,16.0,323.0,16.0,0,1,13.5,131.5,12.5,0
6.0,52.0,6.0,1,13.0,127.0,13.0,3.5,314.5,3.5,0,1,10.0,130.0,10.0,0
7.0,52.0,11.0,1,15.0,127.0,15.0,4.5,314.5,7.5,0,1,12.0,130.0,13.0,0
11.0,52.0,8.0,1,15.0,127.0,18.0,6.5,314.5,4.5,0,1,11.0,130.0,14.0,0
1.0,45.0,1.0,1,10.0,130.0,10.0,71.0,240.0,71.0,0,1,12.0,132.0,12.0,0
3.0,45.0,4.0,1,11.0,130.0,11.0,75.0,240.0,74.0,0,1,15.0,132.0,17.0,0
2.0,45.0,4.0,1,12.0,130.0,13.0,74.0,240.0,75.0,0,1,16.0,132.0,17.0,0
0.5,45.5,0.5,1,15.0,125.0,15.0,23.5,287.5,23.5,0,1,6.0,126.0,6.0,0
5.5,45.5,1.5,1,19.0,125.0,18.0,26.5,287.5,27.5,0,1,7.0,126.0,8.0,0
1.5,45.5,5.5,1,18.0,125.0,18.0,24.5,287.5,24.5,0,1,11.0,126.0,10.0,0
5.5,51.5,5.5,1,5.0,135.0,5.0,90.0,221.0,90.0,0,1,2.5,117.5,2.5,0
7.5,51.5,9.5,1,9.0,135.0,6.0,95.0,221.0,95.0,0,1,6.5,117.5,4.5,0
10.5,51.5,8.5,1,9.0,135.0,6.0,91.0,221.0,94.0,0,1,6.5,117.5,7.5,0
1.0,58.0,1.0,1,12.0,122.0,12.0,65.5,269.5,65.5,0,1,9.5,152.5,9.5,0
1.0,60.0,1.0,1,7.0,141.0,7.0,0.5,203.5,0.5,0,1,0.5,161.5,0.5,0
6.0,60.0,3.0,1,8.0,141.0,8.0,1.5,203.5,2.5,0,1,4.5,161.5,4.5,0
4.0,60.0,2.0,1,10.0,141.0,8.0,5.5,203.5,2.5,0,1,4.5,161.5,5.5,0
0.5,58.5,0.5,1,10.0,124.0,10.0,57.0,261.0,57.0,0,1,11.0,151.0,11.0,0
1.0,58.0,1.0,1,2.0,132.0,2.0,36.5,167.5,36.5,0,1,23.5,138.5,23.5,0
4.0,58.0,5.0,1,5.0,132.0,7.0,41.5,167.5,40.5,0,1,25.5,138.5,28.5,0
3.0,58.0,3.0,1,3.0,132.0,3.0,37.5,167.5,39.5,0,1,24.5,138.5,27.5,0
5.0,62.0,5.0,1,1.0,153.0,1.0,10.0,222.0,10.0,0,0,7.0,157.0,7.0,0
6.0,62.0,9.0,1,5.0,153.0,6.0,13.0,222.0,12.0,0,0,9.0,157.0,12.0,0
7.0,62.0,10.0,1,3.0,153.0,6.0,15.0,222.0,15.0,0,0,10.0,157.0,11.0,0
3.0,60.0,3.0,1,7.0,147.0,7.0,22.5,209.5,22.5,0,0,10.0,154.0,10.0,0
5.0,60.0,8.0,1,9.0,147.0,8.0,26.5,209.5,25.5,0,0,13.0,154.0,14.0,0
5.0,60.0,7.0,1,9.0,147.0,11.0,24.5,209.5,24.5,0,0,14.0,154.0,13.0,0
0.5,57.5,0.5,1,2.0,112.0,2.0,8.5,326.5,8.5,0,1,1.5,141.5,1.5,0
3.5,57.5,2.5,1,7.0,112.0,4.0,13.5,326.5,10.5,0,1,4.5,141.5,3.5,0
5.5,57.5,3.5,1,3.0,112.0,7.0,11.5,326.5,12.5,0,1,4.5,141.5,6.5,0
6.0,51.0,6.0,1,0.0,110.0,0.0,35.5,299.5,35.5,0,1,5.5,137.5,5.5,0
9.0,51.0,8.0,1,5.0,110.0,2.0,40.5,299.5,37.5,0,1,6.5,137.5,6.5,0
8.0,51.0,10.0,1,2.0,110.0,5.0,40.5,299.5,36.5,0,1,9.5,137.5,10.5,0
3.0,57.0,4.0,1,15.0,120.0,15.0,106.0,233.0,103.0,0,1,15.0,129.0,17.0,0
1.0,57.0,4.0,1,14.0,120.0,11.0,105.0,233.0,105.0,0,1,15.0,129.0,16.0,0
4.0,59.0,4.0,0,2.0,126.0,2.0,4.0,201.0,4.0,0,1,3.0,133.0,3.0,0
9.0,59.0,6.0,0,5.0,126.0,5.0,7.0,201.0,8.0,0,1,4.0,133.0,7.0,0
7.0,59.0,7.0,0,3.0,126.0,6.0,6.0,201.0,8.0,0,1,6.0,133.0,6.0,0
1.0,56.0,1.0,0,6.0,134.0,6.0,18.0,223.0,18.0,0,1,3.5,126.5,3.5,0
5.0,56.0,5.0,0,8.0,134.0,9.0,21.0,223.0,23.0,0,1,4.5,126.5,8.5,0
3.0,56.0,6.0,0,7.0,134.0,7.0,23.0,223.0,21.0,0,1,5.5,126.5,6.5,0
7.0,51.0,7.0,1,3.0,117.0,3.0,74.5,243.5,74.5,0,1,2.0,142.0,2.0,0
6.5,51.5,6.5,1,2.0,112.0,2.0,27.0,291.0,27.0,0,1,4.0,136.0,4.0,0
7.5,51.5,7.5,1,4.0,112.0,6.0,30.0,291.0,31.0,0,1,9.0,136.0,9.0,0
9.5,51.5,7.5,1,3.0,112.0,6.0,32.0,291.0,28.0,0,1,7.0,136.0,7.0,0
0.5,57.5,0.5,1,8.0,122.0,8.0,93.5,224.5,93.5,0,1,12.5,127.5,12.5,0
1.5,57.5,5.5,1,12.0,122.0,13.0,98.5,224.5,94.5,0,1,13.5,127.5,17.5,0
1.5,57.5,5.5,1,11.0,122.0,9.0,94.5,224.5,98.5,0,1,13.5,127.5,13.5,0
2.0,65.0,2.0,1,6.0,146.0,6.0,12.5,199.5,12.5,0,0,3.0,147.0,3.0,0
7.0,65.0,7.0,1,11.0,146.0,9.0,17.5,199.5,17.5,0,0,8.0,147.0,5.0,0
6.0,65.0,6.0,1,7.0,146.0,8.0,16.5,199.5,15.5,0,0,7.0,147.0,8.0,0
0.5,44.5,0.5,1,5.0,115.0,5.0,47.5,216.5,47.5,0,1,6.0,138.0,6.0,0
1.5,44.5,1.5,1,8.0,115.0,8.0,50.5,216.5,48.5,0,1,7.0,138.0,11.0,0
6.5,50.5,6.5,1,5.0,125.0,5.0,19.0,150.0,19.0,0,1,14.5,129.5,14.5,0
11.5,50.5,10.5,1,6.0,125.0,7.0,20.0,150.0,22.0,0,1,19.5,129.5,15.5,0
8.5,50.5,10.5,1,6.0,125.0,9.0,21.0,150.0,23.0,0,1,17.5,129.5,16.5,0
3.0,60.0,3.0,0,8.0,132.0,8.0,22.0,219.0,22.0,0,1,6.5,129.5,6.5,0
7.0,60.0,6.0,0,13.0,132.0,12.0,25.0,219.0,23.0,0,1,7.5,129.5,9.5,0
6.0,60.0,5.0,0,13.0,132.0,10.0,25.0,219.0,25.0,0,1,11.5,129.5,8.5,0
0.0,67.0,0.0,1,0.0,160.0,0.0,0.0,286.0,0.0,0,0,0.0,108.0,0.0,0
0.0,67.0,0.0,1,0.0,120.0,0.0,0.0,229.0,0.0,0,0,0.0,129.0,0.0,0
0.0,62.0,0.0,0,0.0,140.0,0.0,0.0,268.0,0.0,0,0,0.0,160.0,0.0,0
0.0,53.0,0.0,1,0.0,140.0,0.0,0.0,203.0,0.0,1,0,0.0,155.0,0.0,0
0.0,56.0,0.0,1,0.0,130.0,0.0,0.0,256.0,0.0,1,0,0.0,142.0,0.0,0
0.0,48.0,0.0,1,0.0,110.0,0.0,0.0,229.0,0.0,0,1,0.0,168.0,0.0,0
0.0,58.0,0.0,1,0.0,132.0,0.0,0.0,224.0,0.0,0,0,0.0,173.0,0.0,0
0.0,60.0,0.0,1,0.0,117.0,0.0,0.0,230.0,0.0,1,1,0.0,160.0,0.0,0
0.0,64.0,0.0,1,0.0,140.0,0.0,0.0,335.0,0.0,0,1,0.0,158.0,0.0,0
0.0,43.0,0.0,1,0.0,120.0,0.0,0.0,177.0,0.0,0,0,0.0,120.0,0.0,0
0.0,57.0,0.0,1,0.0,150.0,0.0,0.0,276.0,0.0,0,0,0.0,112.0,0.0,0
0.0,65.0,0.0,0,0.0,150.0,0.0,0.0,225.0,0.0,0,0,0.0,114.0,0.0,0
0.0,61.0,0.0,0,0.0,130.0,0.0,0.0,330.0,0.0,0,0,0.0,169.0,0.0,0
0.0,50.0,0.0,1,0.0,150.0,0.0,0.0,243.0,0.0,0,0,0.0,128.0,0.0,0
0.0,44.0,0.0,1,0.0,112.0,0.0,0.0,290.0,0.0,0,0,0.0,153.0,0.0,0
0.0,60.0,0.0,1,0.0,130.0,0.0,0.0,253.0,0.0,0,1,0.0,144.0,0.0,0
0.0,54.0,0.0,1,0.0,124.0,0.0,0.0,266.0,0.0,0,0,0.0,109.0,0.0,0
0.0,50.0,0.0,1,0.0,140.0,0.0,0.0,233.0,0.0,0,1,0.0,163.0,0.0,0
0.0,51.0,0.0,0,0.0,130.0,0.0,0.0,305.0,0.0,0,1,0.0,142.0,0.0,0
0.0,58.0,0.0,1,0.0,128.0,0.0,0.0,216.0,0.0,0,0,0.0,131.0,0.0,0
0.0,60.0,0.0,1,0.0,145.0,0.0,0.0,282.0,0.0,0,0,0.0,142.0,0.0,0
0.0,60.0,0.0,1,0.0,140.0,0.0,0.0,185.0,0.0,0,0,0.0,155.0,0.0,0
0.0,59.0,0.0,1,0.0,170.0,0.0,0.0,326.0,0.0,0,0,0.0,140.0,0.0,0
0.0,46.0,0.0,1,0.0,150.0,0.0,0.0,231.0,0.0,0,1,0.0,147.0,0.0,0
0.0,67.0,0.0,1,0.0,125.0,0.0,0.0,254.0,0.0,1,1,0.0,163.0,0.0,0
0.0,65.0,0.0,1,0.0,110.0,0.0,0.0,248.0,0.0,0,0,0.0,158.0,0.0,0
0.0,44.0,0.0,1,0.0,110.0,0.0,0.0,197.0,0.0,0,0,0.0,177.0,0.0,0
0.0,60.0,0.0,1,0.0,125.0,0.0,0.0,258.0,0.0,0,0,0.0,141.0,0.0,0
0.0,58.0,0.0,1,0.0,150.0,0.0,0.0,270.0,0.0,0,0,0.0,111.0,0.0,0
0.0,68.0,0.0,1,0.0,180.0,0.0,0.0,274.0,0.0,1,0,0.0,150.0,0.0,0
0.0,59.0,0.0,1,0.0,110.0,0.0,0.0,239.0,0.0,0,0,0.0,142.0,0.0,0
0.0,60.0,0.0,0,0.0,150.0,0.0,0.0,258.0,0.0,0,0,0.0,157.0,0.0,0
0.0,49.0,0.0,1,0.0,120.0,0.0,0.0,188.0,0.0,0,1,0.0,139.0,0.0,0
0.0,59.0,0.0,1,0.0,140.0,0.0,0.0,177.0,0.0,0,1,0.0,162.0,0.0,0
0.0,61.0,0.0,1,0.0,120.0,0.0,0.0,260.0,0.0,0,1,0.0,140.0,0.0,0
0.0,39.0,0.0,1,0.0,118.0,0.0,0.0,219.0,0.0,0,1,0.0,140.0,0.0,0
0.0,61.0,0.0,0,0.0,145.0,0.0,0.0,307.0,0.0,0,0,0.0,146.0,0.0,0
0.0,56.0,0.0,1,0.0,125.0,0.0,0.0,249.0,0.0,1,0,0.0,144.0,0.0,0
0.0,63.0,0.0,1,0.0,130.0,0.0,0.0,330.0,0.0,1,0,0.0,132.0,0.0,0
0.0,65.0,0.0,1,0.0,135.0,0.0,0.0,254.0,0.0,0,0,0.0,127.0,0.0,0
0.0,48.0,0.0,1,0.0,130.0,0.0,0.0,256.0,0.0,1,0,0.0,150.0,0.0,0
0.0,63.0,0.0,0,0.0,150.0,0.0,0.0,407.0,0.0,0,0,0.0,154.0,0.0,0
0.0,55.0,0.0,1,0.0,140.0,0.0,0.0,217.0,0.0,0,1,0.0,111.0,0.0,0
0.0,65.0,0.0,1,0.0,138.0,0.0,0.0,282.0,0.0,1,0,0.0,174.0,0.0,0
0.0,70.0,0.0,1,0.0,145.0,0.0,0.0,174.0,0.0,0,1,0.0,125.0,0.0,0
0.0,62.0,0.0,1,0.0,120.0,0.0,0.0,281.0,0.0,0,0,0.0,103.0,0.0,0
0.0,35.0,0.0,1,0.0,120.0,0.0,0.0,198.0,0.0,0,1,0.0,130.0,0.0,0
0.0,59.0,0.0,1,0.0,170.0,0.0,0.0,288.0,0.0,0,0,0.0,159.0,0.0,0
0.0,64.0,0.0,1,0.0,125.0,0.0,0.0,309.0,0.0,0,1,0.0,131.0,0.0,0
0.0,47.0,0.0,1,0.0,108.0,0.0,0.0,243.0,0.0,0,1,0.0,152.0,0.0,0
0.0,57.0,0.0,1,0.0,165.0,0.0,0.0,289.0,0.0,1,0,0.0,124.0,0.0,0
0.0,55.0,0.0,1,0.0,160.0,0.0,0.0,289.0,0.0,0,0,0.0,145.0,0.0,0
0.0,70.0,0.0,1,0.0,130.0,0.0,0.0,322.0,0.0,0,0,0.0,109.0,0.0,0
0.0,51.0,0.0,1,0.0,140.0,0.0,0.0,299.0,0.0,0,1,0.0,173.0,0.0,0
0.0,58.0,0.0,1,0.0,125.0,0.0,0.0,300.0,0.0,0,0,0.0,171.0,0.0,0
0.0,60.0,0.0,1,0.0,140.0,0.0,0.0,293.0,0.0,0,0,0.0,170.0,0.0,0
0.0,77.0,0.0,1,0.0,125.0,0.0,0.0,304.0,0.0,0,0,0.0,162.0,0.0,0
0.0,70.0,0.0,1,0.0,160.0,0.0,0.0,269.0,0.0,0,1,0.0,112.0,0.0,0
0.0,59.0,0.0,0,0.0,174.0,0.0,0.0,249.0,0.0,0,1,0.0,143.0,0.0,0
0.0,64.0,0.0,1,0.0,145.0,0.0,0.0,212.0,0.0,0,0,0.0,132.0,0.0,0
0.0,56.0,0.0,1,0.0,132.0,0.0,0.0,184.0,0.0,0,0,0.0,105.0,0.0,0
0.0,48.0,0.0,1,0.0,124.0,0.0,0.0,274.0,0.0,0,0,0.0,166.0,0.0,0
0.0,56.0,0.0,0,0.0,134.0,0.0,0.0,409.0,0.0,0,0,0.0,150.0,0.0,0
0.0,66.0,0.0,1,0.0,160.0,0.0,0.0,246.0,0.0,0,1,0.0,120.0,0.0,0
0.0,69.0,0.0,1,0.0,140.0,0.0,0.0,254.0,0.0,0,0,0.0,146.0,0.0,0
0.0,51.0,0.0,1,0.0,140.0,0.0,0.0,298.0,0.0,0,1,0.0,122.0,0.0,0
0.0,43.0,0.0,1,0.0,132.0,0.0,0.0,247.0,0.0,1,0,0.0,143.0,0.0,0
0.0,62.0,0.0,0,0.0,138.0,0.0,0.0,294.0,0.0,1,1,0.0,106.0,0.0,0
0.0,59.0,0.0,1,0.0,160.0,0.0,0.0,273.0,0.0,0,0,0.0,125.0,0.0,0
0.0,45.0,0.0,1,0.0,142.0,0.0,0.0,309.0,0.0,0,0,0.0,147.0,0.0,0
0.0,58.0,0.0,1,0.0,128.0,0.0,0.0,259.0,0.0,0,0,0.0,130.0,0.0,0
0.0,50.0,0.0,1,0.0,144.0,0.0,0.0,200.0,0.0,0,0,0.0,126.0,0.0,0
0.0,62.0,0.0,0,0.0,150.0,0.0,0.0,244.0,0.0,0,1,0.0,154.0,0.0,0
0.0,38.0,0.0,1,0.0,120.0,0.0,0.0,231.0,0.0,0,1,0.0,182.0,0.0,0
0.0,66.0,0.0,0,0.0,178.0,0.0,0.0,228.0,0.0,1,1,0.0,165.0,0.0,0
0.0,52.0,0.0,1,0.0,112.0,0.0,0.0,230.0,0.0,0,1,0.0,160.0,0.0,0
0.0,54.0,0.0,1,0.0,110.0,0.0,0.0,206.0,0.0,0,0,0.0,108.0,0.0,0
0.0,66.0,0.0,1,0.0,112.0,0.0,0.0,212.0,0.0,0,0,0.0,132.0,0.0,0
0.0,55.0,0.0,0,0.0,180.0,0.0,0.0,327.0,0.0,0,1,0.0,117.0,0.0,0
0.0,49.0,0.0,1,0.0,118.0,0.0,0.0,149.0,0.0,0,0,0.0,126.0,0.0,0
0.0,54.0,0.0,1,0.0,122.0,0.0,0.0,286.0,0.0,0,0,0.0,116.0,0.0,0
0.0,56.0,0.0,1,0.0,130.0,0.0,0.0,283.0,0.0,1,0,0.0,103.0,0.0,0
0.0,67.0,0.0,1,0.0,120.0,0.0,0.0,237.0,0.0,0,1,0.0,71.0,0.0,0
0.0,58.0,0.0,1,0.0,100.0,0.0,0.0,234.0,0.0,0,1,0.0,156.0,0.0,0
0.0,47.0,0.0,1,0.0,110.0,0.0,0.0,275.0,0.0,0,0,0.0,118.0,0.0,0
0.0,58.0,0.0,1,0.0,146.0,0.0,0.0,218.0,0.0,0,1,0.0,105.0,0.0,0
0.0,57.0,0.0,1,0.0,124.0,0.0,0.0,261.0,0.0,0,1,0.0,141.0,0.0,0
0.0,58.0,0.0,0,0.0,136.0,0.0,0.0,319.0,0.0,1,0,0.0,152.0,0.0,0
0.0,61.0,0.0,1,0.0,138.0,0.0,0.0,166.0,0.0,0,0,0.0,125.0,0.0,0
0.0,52.0,0.0,1,0.0,128.0,0.0,0.0,204.0,0.0,1,1,0.0,156.0,0.0,0
0.0,59.0,0.0,1,0.0,126.0,0.0,0.0,218.0,0.0,1,1,0.0,134.0,0.0,0
0.0,40.0,0.0,1,0.0,152.0,0.0,0.0,223.0,0.0,0,1,0.0,181.0,0.0,0
0.0,46.0,0.0,1,0.0,140.0,0.0,0.0,311.0,0.0,0,1,0.0,120.0,0.0,0
0.0,59.0,0.0,1,0.0,134.0,0.0,0.0,204.0,0.0,0,1,0.0,162.0,0.0,0
0.0,57.0,0.0,1,0.0,154.0,0.0,0.0,232.0,0.0,0,0,0.0,164.0,0.0,0
0.0,57.0,0.0,1,0.0,110.0,0.0,0.0,335.0,0.0,0,1,0.0,143.0,0.0,0
0.0,55.0,0.0,0,0.0,128.0,0.0,0.0,205.0,0.0,0,1,0.0,130.0,0.0,0
0.0,61.0,0.0,1,0.0,148.0,0.0,0.0,203.0,0.0,0,1,0.0,161.0,0.0,0
0.0,58.0,0.0,1,0.0,114.0,0.0,0.0,318.0,0.0,0,1,0.0,140.0,0.0,0
0.0,67.0,0.0,1,0.0,152.0,0.0,0.0,212.0,0.0,0,0,0.0,150.0,0.0,0
0.0,44.0,0.0,1,0.0,120.0,0.0,0.0,169.0,0.0,0,1,0.0,144.0,0.0,0
0.0,63.0,0.0,1,0.0,140.0,0.0,0.0,187.0,0.0,0,0,0.0,144.0,0.0,0
0.0,63.0,0.0,0,0.0,124.0,0.0,0.0,197.0,0.0,0,1,0.0,136.0,0.0,0
0.0,57.0,0.0,0,0.0,140.0,0.0,0.0,241.0,0.0,0,1,0.0,123.0,0.0,0
0.0,45.0,0.0,1,0.0,110.0,0.0,0.0,264.0,0.0,0,1,0.0,132.0,0.0,0
0.0,68.0,0.0,1,0.0,144.0,0.0,0.0,193.0,0.0,1,1,0.0,141.0,0.0,0
0.0,57.0,0.0,1,0.0,130.0,0.0,0.0,131.0,0.0,0,1,0.0,115.0,0.0,0
0.0,57.0,0.0,0,0.0,130.0,0.0,0.0,236.0,0.0,0,0,0.0,174.0,0.0,0
0.6014492753623188
